-1.000000000000000000e+00 -1.347862224078373972e+00
-9.979979979979980431e-01 -3.508642847842390999e+00
-9.959959959959959752e-01 -2.127576654509995890e+00
-9.939939939939940183e-01 -3.824731792047990631e-01
-9.919919919919919504e-01 -1.094601895429681226e+00
-9.899899899899899935e-01 -2.617969225335444072e+00
-9.879879879879880367e-01 -1.086338993058213687e+00
-9.859859859859859688e-01 4.670866918372111876e-01
-9.839839839839840119e-01 -2.698336141803911570e+00
-9.819819819819819440e-01 -2.573455529719504753e+00
-9.799799799799799871e-01 -5.775250878824842449e-01
-9.779779779779780302e-01 -2.348284865823470291e+00
-9.759759759759759623e-01 -5.317188356836188845e+00
-9.739739739739740054e-01 -1.947559803676321089e+00
-9.719719719719719375e-01 -3.085237092454673480e+00
-9.699699699699699806e-01 -3.118241024738975131e+00
-9.679679679679680238e-01 -3.521878028379084036e+00
-9.659659659659659559e-01 -2.762212941869814919e+00
-9.639639639639639990e-01 -3.008176988590934187e+00
-9.619619619619619311e-01 -2.114803942802348402e+00
-9.599599599599599742e-01 -4.623709288994031219e+00
-9.579579579579580173e-01 -2.844697866965342214e+00
-9.559559559559559494e-01 -1.922233643970282513e+00
-9.539539539539539925e-01 -1.065645221152452748e+00
-9.519519519519519246e-01 -4.401753123676406254e+00
-9.499499499499499677e-01 -3.672298298875564804e+00
-9.479479479479478998e-01 -3.225944091335343877e+00
-9.459459459459459429e-01 -4.631246162794353083e+00
-9.439439439439439861e-01 -2.340011339203074581e+00
-9.419419419419419182e-01 -1.417353144863699121e+00
-9.399399399399399613e-01 -1.697532564285641365e+00
-9.379379379379378934e-01 -2.675781816070603725e+00
-9.359359359359359365e-01 -2.424076159309072054e+00
-9.339339339339339796e-01 -2.582201047493008605e+00
-9.319319319319319117e-01 -3.828498226065748966e+00
-9.299299299299299548e-01 -2.302943125077129061e+00
-9.279279279279278869e-01 -2.037691378419022481e+00
-9.259259259259259300e-01 -2.514580824916848201e+00
-9.239239239239238621e-01 -3.282242309662005919e+00
-9.219219219219219053e-01 -2.709224395423479592e+00
-9.199199199199199484e-01 -8.297705360747476000e-01
-9.179179179179178805e-01 -2.008495552590414679e+00
-9.159159159159159236e-01 -4.786339066707335554e+00
-9.139139139139138557e-01 -1.823212709952203747e+00
-9.119119119119118988e-01 -1.821837175069942250e+00
-9.099099099099099419e-01 -3.584435786678377145e+00
-9.079079079079078740e-01 -3.194100029878013114e+00
-9.059059059059059171e-01 -2.558487735285374765e+00
-9.039039039039038492e-01 -3.653738222508577937e+00
-9.019019019019018923e-01 -4.630645620935528228e+00
-8.998998998998999355e-01 -1.911450388399942746e+00
-8.978978978978978676e-01 -3.104674384926596531e+00
-8.958958958958959107e-01 -2.370311576094952688e+00
-8.938938938938938428e-01 -3.953202256512402535e+00
-8.918918918918918859e-01 -1.835435738846542320e+00
-8.898898898898899290e-01 -2.805763277382923082e+00
-8.878878878878878611e-01 -3.203510048348261474e+00
-8.858858858858859042e-01 -1.481863809963831047e+00
-8.838838838838838363e-01 -3.962647862970871238e+00
-8.818818818818818794e-01 -4.230198500540927498e+00
-8.798798798798799226e-01 -1.702747125906678427e+00
-8.778778778778778547e-01 -1.699293399934056481e+00
-8.758758758758758978e-01 -3.991449915596342990e+00
-8.738738738738738299e-01 -3.471153711469553649e+00
-8.718718718718718730e-01 -2.552092149251448117e+00
-8.698698698698699161e-01 -4.287533536959022840e+00
-8.678678678678678482e-01 -2.012844258499466576e+00
-8.658658658658658913e-01 -6.112283581581627878e-01
-8.638638638638638234e-01 -1.333620762332432985e+00
-8.618618618618618665e-01 -2.142654129062737667e-02
-8.598598598598599096e-01 -3.197350061722249670e+00
-8.578578578578578417e-01 -1.317987733256825056e+00
-8.558558558558558849e-01 -3.249689884667593454e+00
-8.538538538538538170e-01 -2.791573307227539491e+00
-8.518518518518518601e-01 -1.823554313314679876e+00
-8.498498498498499032e-01 -3.025349063388624860e+00
-8.478478478478478353e-01 -2.710268807618605003e+00
-8.458458458458458784e-01 -2.825113164655634002e+00
-8.438438438438438105e-01 -1.816034206633783343e+00
-8.418418418418418536e-01 -2.178981114971730637e+00
-8.398398398398398967e-01 -2.246338081368501438e+00
-8.378378378378378288e-01 -2.742605137878233901e+00
-8.358358358358358720e-01 -2.898609759331348901e+00
-8.338338338338338041e-01 -2.152225006674707064e+00
-8.318318318318318472e-01 -4.819811378639053956e+00
-8.298298298298298903e-01 -2.965050498305029869e+00
-8.278278278278278224e-01 -2.374781697809027481e+00
-8.258258258258258655e-01 -5.352560088207392042e+00
-8.238238238238237976e-01 -4.495872374623851364e+00
-8.218218218218218407e-01 -5.765525518628182855e-01
-8.198198198198198838e-01 -1.973902602790856164e+00
-8.178178178178178159e-01 -3.189681837237131834e+00
-8.158158158158157480e-01 -2.142280967172367490e+00
-8.138138138138137911e-01 -2.862340939918168292e+00
-8.118118118118118343e-01 -1.929365710608891282e+00
-8.098098098098098774e-01 -5.229279440505032461e+00
-8.078078078078078095e-01 -1.366966311110159094e+00
-8.058058058058057416e-01 -2.134473599692832124e+00
-8.038038038038037847e-01 -1.833089159085858233e+00
-8.018018018018018278e-01 -1.088714454142508004e+00
-7.997997997997998709e-01 -3.036282587812321410e+00
-7.977977977977978030e-01 -3.993203655812957997e+00
-7.957957957957957351e-01 -2.837832337157805362e+00
-7.937937937937937782e-01 -1.322395436907584765e+00
-7.917917917917918214e-01 -2.305257829903673450e+00
-7.897897897897897534e-01 -2.485443670369564373e+00
-7.877877877877877966e-01 -3.303822873503373891e+00
-7.857857857857857287e-01 -1.196563752371804457e+00
-7.837837837837837718e-01 9.700584719558236202e-02
-7.817817817817818149e-01 -2.345605542124763243e+00
-7.797797797797797470e-01 -3.266312961869936693e+00
-7.777777777777777901e-01 -1.476469063362064071e+00
-7.757757757757757222e-01 -2.201559358211121697e+00
-7.737737737737737653e-01 -3.183416893934428504e+00
-7.717717717717718084e-01 -2.922193231829472104e+00
-7.697697697697697405e-01 -2.005552443059868128e+00
-7.677677677677677837e-01 -5.216433423825335147e-01
-7.657657657657657158e-01 -1.745515209176168092e+00
-7.637637637637637589e-01 -4.065271495986620742e+00
-7.617617617617618020e-01 -2.342814910336274092e+00
-7.597597597597597341e-01 -3.894414256887391623e+00
-7.577577577577577772e-01 -3.837446638745515948e+00
-7.557557557557557093e-01 -9.879270239119011254e-01
-7.537537537537537524e-01 -2.407523706699318922e+00
-7.517517517517517955e-01 -8.593181076546654307e-01
-7.497497497497497276e-01 -2.530033272407002265e+00
-7.477477477477477708e-01 -4.475828683065424585e+00
-7.457457457457457028e-01 -5.010602272480868535e-02
-7.437437437437437460e-01 -4.134375043687509965e+00
-7.417417417417417891e-01 -1.617436994081965507e+00
-7.397397397397397212e-01 -2.532620694468846967e+00
-7.377377377377377643e-01 -2.550410175597082940e+00
-7.357357357357356964e-01 -1.215264590586387250e+00
-7.337337337337337395e-01 -2.351275990595979248e+00
-7.317317317317317826e-01 -2.653238750451084815e+00
-7.297297297297297147e-01 -3.782003265284754168e+00
-7.277277277277277578e-01 -2.078719856198640858e+00
-7.257257257257256899e-01 -2.382425969363233254e+00
-7.237237237237237331e-01 -2.754513850214262316e+00
-7.217217217217217762e-01 -2.147793003137010270e+00
-7.197197197197197083e-01 -2.722002344589201428e+00
-7.177177177177176404e-01 -1.524135879840986973e+00
-7.157157157157156835e-01 -1.897530944132244324e+00
-7.137137137137137266e-01 -3.024464145405966864e+00
-7.117117117117117697e-01 -1.452078175705338703e+00
-7.097097097097097018e-01 -1.656933665797306166e+00
-7.077077077077076339e-01 -6.466734538165761492e-01
-7.057057057057056770e-01 -2.245675154706073595e+00
-7.037037037037037202e-01 -1.452216602731836614e+00
-7.017017017017017633e-01 -2.823732514011098260e+00
-6.996996996996996954e-01 -9.335484967248131039e-01
-6.976976976976976275e-01 2.335555469474548396e-01
-6.956956956956956706e-01 -1.759246474943783722e+00
-6.936936936936937137e-01 -2.128339408970658653e+00
-6.916916916916917568e-01 -1.927797996937978819e+00
-6.896896896896896889e-01 -2.200302877584410677e+00
-6.876876876876876210e-01 -1.250551273490241755e+00
-6.856856856856856641e-01 -2.795301279056406241e+00
-6.836836836836837072e-01 -1.691318169615843026e+00
-6.816816816816817504e-01 -2.750211296924817361e+00
-6.796796796796796825e-01 -1.488161366749489289e+00
-6.776776776776776146e-01 -3.376768964292689468e+00
-6.756756756756756577e-01 -1.976467780007088448e+00
-6.736736736736737008e-01 -2.956867458552800532e+00
-6.716716716716717439e-01 -1.970679275767005301e+00
-6.696696696696696760e-01 -4.195083422422540842e+00
-6.676676676676676081e-01 -1.252659119874137694e-01
-6.656656656656656512e-01 -2.079748820827620914e+00
-6.636636636636636943e-01 -2.413407180790481554e+00
-6.616616616616617375e-01 -2.409363449504084542e+00
-6.596596596596596696e-01 -1.500448680129613743e+00
-6.576576576576576016e-01 -3.457601424735022633e+00
-6.556556556556556448e-01 -1.529731969527132307e+00
-6.536536536536536879e-01 -1.849017626057804398e+00
-6.516516516516517310e-01 -3.610796469821880184e+00
-6.496496496496496631e-01 -1.643981426540985780e+00
-6.476476476476475952e-01 -1.010538889647209837e+00
-6.456456456456456383e-01 -3.844156622605546580e+00
-6.436436436436436814e-01 -3.606764286313102197e+00
-6.416416416416417245e-01 -1.791661906504863122e+00
-6.396396396396396566e-01 -2.523175237708681795e+00
-6.376376376376375887e-01 -1.343413080652471336e+00
-6.356356356356356319e-01 -4.059542963400303073e+00
-6.336336336336336750e-01 -2.476790775800526756e+00
-6.316316316316316071e-01 -2.537417554566035349e+00
-6.296296296296296502e-01 -1.627459769401843337e+00
-6.276276276276275823e-01 -3.900396068361637880e+00
-6.256256256256256254e-01 -3.046982182418524587e+00
-6.236236236236236685e-01 -2.592333082025823465e+00
-6.216216216216216006e-01 -4.011801013274437722e+00
-6.196196196196196437e-01 -1.151358243543177950e+00
-6.176176176176175758e-01 -4.138491705012897981e+00
-6.156156156156156189e-01 -2.910120633926721823e+00
-6.136136136136136621e-01 -1.584362073597701093e+00
-6.116116116116115942e-01 -1.727854333151289223e+00
-6.096096096096096373e-01 -2.066611727392479558e+00
-6.076076076076075694e-01 -8.773265133611656275e-01
-6.056056056056056125e-01 -1.403976750108401728e+00
-6.036036036036036556e-01 -1.001469947968647745e+00
-6.016016016016015877e-01 -1.416929364535544078e+00
-5.995995995995996308e-01 1.406162166625208876e-01
-5.975975975975975629e-01 -1.496219976418143194e+00
-5.955955955955956060e-01 -2.668186158487194426e+00
-5.935935935935936492e-01 -2.822291729508061398e+00
-5.915915915915915813e-01 -4.937387996436779503e-01
-5.895895895895895134e-01 -1.754591118617147227e+00
-5.875875875875875565e-01 -1.834456871272024170e+00
-5.855855855855855996e-01 -1.581116019632881731e+00
-5.835835835835836427e-01 -4.229981330158653741e+00
-5.815815815815815748e-01 -2.348255794575456523e+00
-5.795795795795795069e-01 -1.279401173994210383e+00
-5.775775775775775500e-01 -3.202080781202395698e+00
-5.755755755755755931e-01 -1.836304684041568658e+00
-5.735735735735736363e-01 -2.680809790378601676e+00
-5.715715715715715683e-01 -1.468539700094320999e+00
-5.695695695695695004e-01 -2.150678258726956837e+00
-5.675675675675675436e-01 4.075844859888513305e-01
-5.655655655655655867e-01 -1.720592267736561487e+00
-5.635635635635636298e-01 -1.753458384803964876e+00
-5.615615615615615619e-01 -1.426763563415910152e+00
-5.595595595595594940e-01 -2.940135088056039070e+00
-5.575575575575575371e-01 -3.111038192280242143e-01
-5.555555555555555802e-01 -3.026440705674378062e+00
-5.535535535535536233e-01 -3.497595122812375390e+00
-5.515515515515515554e-01 -1.034733119057657635e+00
-5.495495495495494875e-01 -9.779374741058981524e-01
-5.475475475475475307e-01 -1.231788564164010946e+00
-5.455455455455455738e-01 -1.128367006871556111e+00
-5.435435435435436169e-01 -1.375378739720688914e+00
-5.415415415415415490e-01 -1.722400911754727648e+00
-5.395395395395394811e-01 -2.145818940447004053e+00
-5.375375375375375242e-01 -1.011595024006159749e+00
-5.355355355355355673e-01 -2.362795269977049362e+00
-5.335335335335336104e-01 -2.879701753714928536e+00
-5.315315315315315425e-01 -1.173091000287147745e+00
-5.295295295295294746e-01 -2.023061107932984104e+00
-5.275275275275275177e-01 -1.478946098578005630e+00
-5.255255255255255609e-01 -1.549503593643020372e+00
-5.235235235235236040e-01 -2.141836295886639263e+00
-5.215215215215215361e-01 -1.693535989758341076e+00
-5.195195195195194682e-01 -3.103310001190413558e+00
-5.175175175175175113e-01 -4.032658666111710311e-01
-5.155155155155155544e-01 -2.768549574903788280e+00
-5.135135135135135975e-01 -1.349734290887659949e+00
-5.115115115115115296e-01 -2.171465766665281905e+00
-5.095095095095094617e-01 -2.728570561293821140e+00
-5.075075075075075048e-01 -1.495120120238367711e+00
-5.055055055055055480e-01 -2.029830106914537247e+00
-5.035035035035034801e-01 -3.505281669604118910e-01
-5.015015015015015232e-01 -1.741467585644847826e+00
-4.994994994994994553e-01 -3.119487848444171263e+00
-4.974974974974974984e-01 -1.638295408395618491e+00
-4.954954954954955415e-01 -1.079913201634630004e+00
-4.934934934934934736e-01 -6.733973618742798983e-01
-4.914914914914915167e-01 -2.090430903032593157e+00
-4.894894894894894488e-01 -1.924451043292692454e+00
-4.874874874874874919e-01 -2.243112062550072672e+00
-4.854854854854855351e-01 -1.842328726496725633e+00
-4.834834834834834671e-01 -1.822653942913203373e+00
-4.814814814814815103e-01 -1.478013864271642053e+00
-4.794794794794794424e-01 -4.533492863115173854e-02
-4.774774774774774855e-01 -1.403606702018906027e+00
-4.754754754754755286e-01 -4.649924018476997434e-01
-4.734734734734734607e-01 -5.871806213072496838e-01
-4.714714714714715038e-01 -2.441352723381960743e+00
-4.694694694694694359e-01 -2.329077901946197571e+00
-4.674674674674674790e-01 -2.522807819147384389e+00
-4.654654654654655221e-01 -6.149763265336490869e-01
-4.634634634634634542e-01 1.157952864117951952e+00
-4.614614614614614974e-01 -2.304103248665182235e+00
-4.594594594594594295e-01 -1.496573664933602332e+00
-4.574574574574574726e-01 -3.833104206722567353e-01
-4.554554554554555157e-01 -1.627248682447301142e+00
-4.534534534534534478e-01 -7.684280336818403168e-01
-4.514514514514514909e-01 -1.641431960903129150e-01
-4.494494494494494230e-01 -9.183114328824633077e-01
-4.474474474474474661e-01 -2.498103006128232773e-01
-4.454454454454453982e-01 -1.153525989473195290e+00
-4.434434434434434413e-01 -1.605412406940055714e+00
-4.414414414414414845e-01 -5.395167642093212645e-01
-4.394394394394394165e-01 -5.681051576459592578e-01
-4.374374374374374597e-01 -1.821281145919102507e+00
-4.354354354354353918e-01 -6.806001731101911645e-01
-4.334334334334334349e-01 1.725675149775306894e+00
-4.314314314314314780e-01 -7.874677430229206632e-01
-4.294294294294294101e-01 -2.013728702917547686e-01
-4.274274274274274532e-01 -6.927036321968859101e-01
-4.254254254254253853e-01 -2.216999167773407553e+00
-4.234234234234234284e-01 -1.989462558167454098e+00
-4.214214214214214715e-01 -2.804245303365115127e+00
-4.194194194194194036e-01 -1.636467620218557961e+00
-4.174174174174174468e-01 -2.201551301638371427e+00
-4.154154154154153789e-01 -1.355465045189752971e+00
-4.134134134134134220e-01 -2.376418278114104332e+00
-4.114114114114114651e-01 4.218794390904093694e-01
-4.094094094094093972e-01 -1.978189646347653152e+00
-4.074074074074074403e-01 7.559832191183728511e-01
-4.054054054054053724e-01 -2.409846127699033946e+00
-4.034034034034034155e-01 -4.657012768024470506e-01
-4.014014014014014586e-01 -1.118394144434290194e+00
-3.993993993993993907e-01 -7.538449653770351588e-01
-3.973973973973974338e-01 4.200901691931984150e-01
-3.953953953953953659e-01 -1.059855821011761234e+00
-3.933933933933934091e-01 -5.649617930754962103e-01
-3.913913913913913412e-01 -2.206280069767073471e+00
-3.893893893893893843e-01 -1.349550672871605128e+00
-3.873873873873874274e-01 -3.645770790037423659e-01
-3.853853853853853595e-01 -1.684562958024222734e+00
-3.833833833833834026e-01 -2.683322461996964226e-01
-3.813813813813813347e-01 -6.917267597168883508e-01
-3.793793793793793778e-01 -1.193490276853439669e+00
-3.773773773773774209e-01 -5.869531281186799454e-01
-3.753753753753753530e-01 -2.074190551926913262e+00
-3.733733733733733962e-01 -2.910590408614399660e-02
-3.713713713713713283e-01 6.648767926615072321e-01
-3.693693693693693714e-01 -1.296074602836892797e+00
-3.673673673673674145e-01 -7.369230177472991805e-01
-3.653653653653653466e-01 -5.294849445424952838e-01
-3.633633633633633897e-01 1.888553183616863418e-01
-3.613613613613613218e-01 -6.085217764458593637e-01
-3.593593593593593649e-01 -1.330713182435128594e+00
-3.573573573573574080e-01 -1.634013077156526661e+00
-3.553553553553553401e-01 -5.907233339145779860e-01
-3.533533533533533832e-01 -2.883804016478552779e+00
-3.513513513513513153e-01 -7.041648436268939104e-01
-3.493493493493493585e-01 -7.309409902553345439e-01
-3.473473473473474016e-01 -7.362550410324728567e-01
-3.453453453453453337e-01 -3.217459404758503672e-01
-3.433433433433433768e-01 -2.055753016679704892e+00
-3.413413413413413089e-01 1.470810629253031632e+00
-3.393393393393393520e-01 -1.290552017402371021e+00
-3.373373373373373951e-01 3.932422291735095943e-01
-3.353353353353353272e-01 -2.778402704906410392e+00
-3.333333333333333703e-01 -2.279516628955249757e+00
-3.313313313313313024e-01 -1.985561402995199343e+00
-3.293293293293293456e-01 -1.380964044812535985e+00
-3.273273273273273887e-01 -2.879053956291162120e-01
-3.253253253253253208e-01 -1.595521709046187508e+00
-3.233233233233233639e-01 -7.153562299880826814e-01
-3.213213213213212960e-01 -1.695696415570145721e+00
-3.193193193193193391e-01 -2.100597971447841772e-01
-3.173173173173172712e-01 -2.891165568328887936e+00
-3.153153153153153143e-01 -2.068287922244370858e+00
-3.133133133133133574e-01 -2.407709904003517920e+00
-3.113113113113112895e-01 -1.623264191752145980e+00
-3.093093093093093326e-01 -2.510940004422495875e+00
-3.073073073073072647e-01 -4.196364192679520322e-01
-3.053053053053053079e-01 -1.684696124277988094e+00
-3.033033033033033510e-01 -1.878890595844091793e+00
-3.013013013013012831e-01 -9.111479152528410008e-01
-2.992992992992993262e-01 -2.618686502689532958e+00
-2.972972972972972583e-01 -9.475914182828589771e-01
-2.952952952952953014e-01 -4.433210070021258442e-01
-2.932932932932933445e-01 -1.959426960619670366e+00
-2.912912912912912766e-01 -5.538529822095743516e-01
-2.892892892892893197e-01 -3.365354888093638586e+00
-2.872872872872872518e-01 -1.950591863362231670e+00
-2.852852852852852950e-01 -7.449057267486481893e-01
-2.832832832832833381e-01 -1.828132093373522560e+00
-2.812812812812812702e-01 -1.226576827951662008e+00
-2.792792792792793133e-01 -3.349666064088825834e+00
-2.772772772772772454e-01 -3.034827403964844184e+00
-2.752752752752752885e-01 -7.484739114645748703e-01
-2.732732732732733316e-01 -2.965920647718609082e+00
-2.712712712712712637e-01 -1.184376982162924641e+00
-2.692692692692693068e-01 -1.828663859198511599e+00
-2.672672672672672389e-01 -1.168365610533718346e+00
-2.652652652652652820e-01 -1.901616126921289451e+00
-2.632632632632632141e-01 -1.153581670123049463e+00
-2.612612612612612573e-01 -1.563258122590603261e+00
-2.592592592592593004e-01 -2.330752650588464814e+00
-2.572572572572572325e-01 -2.323618920860846870e+00
-2.552552552552552756e-01 -3.619649714078504665e+00
-2.532532532532532077e-01 -2.292750973217192900e+00
-2.512512512512512508e-01 -2.704902354734700864e+00
-2.492492492492492939e-01 -4.507613264223715888e+00
-2.472472472472472260e-01 -2.148619893871311248e+00
-2.452452452452452691e-01 -2.395134888703470022e+00
-2.432432432432432012e-01 -1.879427275942981090e+00
-2.412412412412412444e-01 -2.584611221012657278e+00
-2.392392392392392875e-01 -3.218603656074625174e+00
-2.372372372372372196e-01 -2.747279968887802681e+00
-2.352352352352352627e-01 -2.142485080163284206e+00
-2.332332332332331948e-01 -7.745442009783742865e-01
-2.312312312312312379e-01 -2.397255538431673383e+00
-2.292292292292292810e-01 -2.271778311482884227e+00
-2.272272272272272131e-01 -3.197426095053078399e+00
-2.252252252252252562e-01 -9.142289698686616450e-01
-2.232232232232231883e-01 -3.721506298500591114e+00
-2.212212212212212314e-01 -4.454181844145289837e+00
-2.192192192192192746e-01 -4.139358215959987319e+00
-2.172172172172172067e-01 -2.752063620138216038e+00
-2.152152152152152498e-01 -3.014442852649052540e+00
-2.132132132132131819e-01 -1.048617776933218559e+00
-2.112112112112112250e-01 -4.741923378419535595e+00
-2.092092092092092681e-01 -2.208722693394058467e+00
-2.072072072072072002e-01 -1.715250317190878393e+00
-2.052052052052052433e-01 -2.828438914603244037e+00
-2.032032032032031754e-01 -2.271326868792331144e+00
-2.012012012012012185e-01 -1.659492565360718430e+00
-1.991991991991992617e-01 -2.088094489348588212e+00
-1.971971971971971938e-01 -4.433609231992043931e+00
-1.951951951951952369e-01 -1.586443539583471507e+00
-1.931931931931931690e-01 -3.669090490703722729e+00
-1.911911911911912121e-01 -2.469251299842349034e+00
-1.891891891891891442e-01 -1.932905068443948160e+00
-1.871871871871871873e-01 -1.848330165049327123e+00
-1.851851851851852304e-01 -2.692666470996790462e+00
-1.831831831831831625e-01 -3.861049535226507956e+00
-1.811811811811812056e-01 -1.825391575181853243e+00
-1.791791791791791377e-01 -2.606672376401502067e+00
-1.771771771771771808e-01 -2.005768997247048269e+00
-1.751751751751752240e-01 -4.888418313607575172e+00
-1.731731731731731561e-01 -4.052466049660376157e+00
-1.711711711711711992e-01 -1.665215436034005458e+00
-1.691691691691691313e-01 -4.542315451545903215e+00
-1.671671671671671744e-01 -3.795602192594017765e+00
-1.651651651651652175e-01 -2.280294874838697083e+00
-1.631631631631631496e-01 -4.809890538795554171e+00
-1.611611611611611927e-01 -3.158406947371909634e+00
-1.591591591591591248e-01 -3.450059152944904284e+00
-1.571571571571571679e-01 -2.372182348004829855e+00
-1.551551551551552111e-01 -3.940971962144660612e+00
-1.531531531531531432e-01 -2.307819006569312492e+00
-1.511511511511511863e-01 -1.349402126101752364e+00
-1.491491491491491184e-01 -2.283426994042049962e+00
-1.471471471471471615e-01 -2.661080902847064777e+00
-1.451451451451452046e-01 -2.090164174140910269e+00
-1.431431431431431367e-01 -2.159589885024261413e+00
-1.411411411411411798e-01 -1.600821889918280005e+00
-1.391391391391391119e-01 -4.358262334897258228e+00
-1.371371371371371550e-01 -1.158751781797576985e+00
-1.351351351351350871e-01 -2.001632283810823587e+00
-1.331331331331331302e-01 -3.128396974183585311e+00
-1.311311311311311734e-01 -2.105830988086747624e+00
-1.291291291291291055e-01 -3.045271944135364617e+00
-1.271271271271271486e-01 -1.760351258868595448e+00
-1.251251251251250807e-01 -4.586185848143217392e+00
-1.231231231231231238e-01 -2.820779338742228859e+00
-1.211211211211211669e-01 -2.650829869698156038e+00
-1.191191191191190990e-01 -3.041724045345537863e+00
-1.171171171171171421e-01 -4.866478052236112184e+00
-1.151151151151150742e-01 -2.042910468373302812e+00
-1.131131131131131173e-01 -1.502119724962417191e+00
-1.111111111111111605e-01 -2.934597777087899040e+00
-1.091091091091090926e-01 -1.472518114982879212e+00
-1.071071071071071357e-01 -3.163469164518803556e+00
-1.051051051051050678e-01 -2.728091130857589253e+00
-1.031031031031031109e-01 -2.638682037602592789e+00
-1.011011011011011540e-01 -1.544048532047769484e+00
-9.909909909909908610e-02 -3.321092471171626315e+00
-9.709709709709712921e-02 -2.645031352951323189e+00
-9.509509509509506131e-02 -3.160708094699711257e+00
-9.309309309309310443e-02 -3.734069502754847836e+00
-9.109109109109114755e-02 -1.595975428289394538e+00
-8.908908908908907964e-02 -4.020924332479425267e+00
-8.708708708708712276e-02 -2.691979757980352606e+00
-8.508508508508505486e-02 -3.837385251204254111e+00
-8.308308308308309797e-02 -3.282366727605053214e+00
-8.108108108108114109e-02 -2.052129125383685526e+00
-7.907907907907907319e-02 -3.796102971148591188e+00
-7.707707707707711631e-02 -2.402532087711017450e+00
-7.507507507507504840e-02 -3.493805544022703380e+00
-7.307307307307309152e-02 -2.774896720946921302e+00
-7.107107107107113464e-02 -2.703728811098500273e+00
-6.906906906906906674e-02 -2.576336096176114587e+00
-6.706706706706710985e-02 -3.113684485883372322e+00
-6.506506506506504195e-02 -1.940189055200799206e+00
-6.306306306306308507e-02 -2.595370716178535986e+00
-6.106106106106101716e-02 -3.064015689737070502e+00
-5.905905905905906028e-02 -3.363314127556513711e+00
-5.705705705705710340e-02 -2.640863934272448255e+00
-5.505505505505503550e-02 -2.822783171613776343e+00
-5.305305305305307861e-02 -1.830280513866388459e+00
-5.105105105105101071e-02 -1.328936038894487304e+00
-4.904904904904905383e-02 -3.188945025157027935e+00
-4.704704704704709695e-02 -7.548968605156776146e-01
-4.504504504504502904e-02 -2.357884875124045987e+00
-4.304304304304307216e-02 -2.248040169975254354e+00
-4.104104104104100426e-02 -3.163599120154058753e+00
-3.903903903903904737e-02 -2.604996247138961607e+00
-3.703703703703709049e-02 -2.975111370719964121e+00
-3.503503503503502259e-02 -2.229746447520275066e+00
-3.303303303303306571e-02 -2.474234557753955510e+00
-3.103103103103099780e-02 -1.252112992262902402e+00
-2.902902902902904092e-02 -2.719014330907084442e+00
-2.702702702702708404e-02 -1.425020533996761873e+00
-2.502502502502501613e-02 -2.469439956138926195e+00
-2.302302302302305925e-02 -3.213296317542987168e+00
-2.102102102102099135e-02 -2.259104553833748419e+00
-1.901901901901903447e-02 -2.729599733262406236e+00
-1.701701701701707758e-02 -2.531287363047294292e+00
-1.501501501501500968e-02 -2.413418638406333194e+00
-1.301301301301305280e-02 -3.605238238222210345e-01
-1.101101101101098489e-02 -1.987682275109245778e+00
-9.009009009009028013e-03 -1.682184598160953559e+00
-7.007007007006960109e-03 -5.051496673850396135e+00
-5.005005005005003227e-03 -1.171376270414172138e+00
-3.003003003003046345e-03 -3.987514671961517543e+00
-1.001001001000978441e-03 -2.323982431110773739e+00
1.001001001001089463e-03 -3.391660095781799722e+00
3.003003003003046345e-03 -1.082480971365956668e+00
5.005005005005003227e-03 -2.898362003153854616e+00
7.007007007006960109e-03 -2.183134562499698283e+00
9.009009009008916991e-03 -9.675682533845453293e-01
1.101101101101109592e-02 -1.093730949385641527e+00
1.301301301301305280e-02 -1.779974294620512154e-03
1.501501501501500968e-02 -1.173579973353471306e+00
1.701701701701696656e-02 -2.250917032136028340e-01
1.901901901901892344e-02 -3.052677709888091506e+00
2.102102102102110237e-02 -2.264906957631774187e+00
2.302302302302305925e-02 -1.046518591643653018e+00
2.502502502502501613e-02 -4.161057319165529123e+00
2.702702702702697302e-02 -6.366759910620171103e-01
2.902902902902892990e-02 -1.278808443697092567e-01
3.103103103103110882e-02 -2.386942480945192901e+00
3.303303303303306571e-02 -4.291021167101347622e+00
3.503503503503502259e-02 -2.822006980340038496e+00
3.703703703703697947e-02 -1.404766731333709107e+00
3.903903903903893635e-02 -1.401788204314350583e+00
4.104104104104111528e-02 -3.697459207857122898e+00
4.304304304304307216e-02 -8.077613546583951587e-01
4.504504504504502904e-02 -9.123234204852808116e-01
4.704704704704698592e-02 6.272405504750313554e-01
4.904904904904894281e-02 -1.915677678110420779e+00
5.105105105105112173e-02 -1.229048373126865545e+00
5.305305305305307861e-02 -2.015760626143235257e+00
5.505505505505503550e-02 -2.135129341361455602e+00
5.705705705705699238e-02 -1.882482243497358709e+00
5.905905905905894926e-02 -1.774609790086608019e+00
6.106106106106112819e-02 -1.838107966072346944e+00
6.306306306306308507e-02 -1.455975290068782346e+00
6.506506506506504195e-02 1.038179420812770593e+00
6.706706706706699883e-02 -1.822968908321498382e-01
6.906906906906895571e-02 8.492659768004084953e-02
7.107107107107113464e-02 -1.044786981150049421e+00
7.307307307307309152e-02 -3.201795732279013595e+00
7.507507507507504840e-02 1.534277372124224215e-01
7.707707707707700528e-02 -2.449161902566565630e+00
7.907907907907896217e-02 -3.399655842494408997e-01
8.108108108108114109e-02 -6.937812330588808418e-01
8.308308308308309797e-02 -1.449612320692778233e+00
8.508508508508505486e-02 -2.118222608072727553e+00
8.708708708708701174e-02 -3.772602257643475898e-01
8.908908908908896862e-02 -2.171023652772131607e-01
9.109109109109114755e-02 -1.256052661450313579e+00
9.309309309309310443e-02 -9.691238728828528437e-01
9.509509509509506131e-02 -2.290484013607037461e+00
9.709709709709701819e-02 -6.466634076481252436e-01
9.909909909909919712e-02 -6.557037968017278562e-01
1.011011011011011540e-01 -7.977187649956903881e-01
1.031031031031031109e-01 -2.037821189490627294e+00
1.051051051051050678e-01 -1.226801795692272545e+00
1.071071071071070246e-01 -9.247973353235380278e-01
1.091091091091092036e-01 4.513731179474960165e-01
1.111111111111111605e-01 -1.412397903053873804e+00
1.131131131131131173e-01 -1.546857146354531309e+00
1.151151151151150742e-01 -1.415772779105636703e+00
1.171171171171170311e-01 -1.548630789053161427e-01
1.191191191191192100e-01 -1.573118114911334464e+00
1.211211211211211669e-01 -9.725073488351054785e-01
1.231231231231231238e-01 3.004918845199278099e-02
1.251251251251250807e-01 -1.007562824555322090e+00
1.271271271271270376e-01 -2.164852799247434789e-01
1.291291291291292165e-01 -1.688608770265070502e+00
1.311311311311311734e-01 -6.947744331777250260e-03
1.331331331331331302e-01 -4.748347231828274895e-01
1.351351351351350871e-01 -2.274521457294473858e-01
1.371371371371370440e-01 3.614784203421328446e-02
1.391391391391392229e-01 -1.458838297721229083e+00
1.411411411411411798e-01 -1.218186410563996680e-01
1.431431431431431367e-01 -6.710813257758204697e-01
1.451451451451450936e-01 -6.110146141504851913e-01
1.471471471471470505e-01 2.046383655887479280e-02
1.491491491491492294e-01 -1.232202389742773851e+00
1.511511511511511863e-01 1.648563418185273743e-01
1.531531531531531432e-01 -1.779556895727124832e+00
1.551551551551551000e-01 -8.940830166246765964e-02
1.571571571571570569e-01 1.514309792489010542e+00
1.591591591591592358e-01 6.486272768556713419e-01
1.611611611611611927e-01 7.091174962108581781e-02
1.631631631631631496e-01 -8.960007332586467088e-02
1.651651651651651065e-01 -4.617480076845803527e-01
1.671671671671670634e-01 4.130052259043510143e-01
1.691691691691692423e-01 -6.699269913183198977e-01
1.711711711711711992e-01 -7.038979141783943128e-01
1.731731731731731561e-01 2.317988484116247361e-01
1.751751751751751129e-01 -3.280565158480658550e+00
1.771771771771770698e-01 -9.526159203590175428e-01
1.791791791791792487e-01 1.673053291334236914e-01
1.811811811811812056e-01 9.129538152208527269e-01
1.831831831831831625e-01 1.145662648445213427e-01
1.851851851851851194e-01 -1.712324114662382213e+00
1.871871871871870763e-01 1.144885402503261984e+00
1.891891891891892552e-01 -3.954193291274159527e-01
1.911911911911912121e-01 -1.640894516844587203e+00
1.931931931931931690e-01 2.197493069675628519e+00
1.951951951951951258e-01 -1.709184725372783431e+00
1.971971971971970827e-01 -1.114697303222971447e+00
1.991991991991992617e-01 3.792240276838689805e-01
2.012012012012012185e-01 4.574668802360392084e-01
2.032032032032031754e-01 -1.156125963545814594e-01
2.052052052052051323e-01 1.365312158611921012e-01
2.072072072072070892e-01 8.786822941495852080e-01
2.092092092092092681e-01 9.460483597111510878e-01
2.112112112112112250e-01 -1.157391093245909497e+00
2.132132132132131819e-01 -1.045429108829813991e+00
2.152152152152151388e-01 1.289743177204867863e-01
2.172172172172173177e-01 1.754710471038701591e+00
2.192192192192192746e-01 -9.587429988341797382e-02
2.212212212212212314e-01 1.170696334651807113e+00
2.232232232232231883e-01 5.219595670380455799e-01
2.252252252252251452e-01 6.792613410782430972e-01
2.272272272272273241e-01 6.872959211115085010e-01
2.292292292292292810e-01 -1.054529179496999092e+00
2.312312312312312379e-01 -1.720425135468810485e-01
2.332332332332331948e-01 7.981194873697344816e-02
2.352352352352351517e-01 -1.037640968226276050e-01
2.372372372372373306e-01 9.820264903482063268e-01
2.392392392392392875e-01 -8.129154816672439221e-01
2.412412412412412444e-01 -7.093969699790370065e-01
2.432432432432432012e-01 -1.804586102486985366e+00
2.452452452452451581e-01 -7.356434307823677132e-01
2.472472472472473370e-01 -5.767401979375377241e-01
2.492492492492492939e-01 1.682166807225554672e+00
2.512512512512512508e-01 4.311140157999647782e-01
2.532532532532532077e-01 1.661441288177531117e+00
2.552552552552551646e-01 -1.457021574462723512e+00
2.572572572572573435e-01 -3.639918127977279649e-01
2.592592592592593004e-01 2.771840847779221129e-01
2.612612612612612573e-01 8.370536253035010255e-01
2.632632632632632141e-01 1.846705923290253182e+00
2.652652652652651710e-01 1.505069594537732813e+00
2.672672672672673500e-01 -1.080901824565210223e+00
2.692692692692693068e-01 9.953848999518500884e-01
2.712712712712712637e-01 -4.576593599575202176e-01
2.732732732732732206e-01 3.712579814849806814e-01
2.752752752752751775e-01 2.124957813738789780e-02
2.772772772772773564e-01 1.241054294528011470e-02
2.792792792792793133e-01 -1.684310660924020597e+00
2.812812812812812702e-01 8.927126601031102338e-01
2.832832832832832270e-01 1.862802565074514805e+00
2.852852852852851839e-01 -1.380697235686103586e+00
2.872872872872873629e-01 -4.577883805259309047e-01
2.892892892892893197e-01 -1.019876473583598564e+00
2.912912912912912766e-01 5.529856408605335893e-01
2.932932932932932335e-01 1.609973758610473205e+00
2.952952952952951904e-01 9.313361361139702033e-02
2.972972972972973693e-01 -3.789640394528370204e-01
2.992992992992993262e-01 -1.772633201585425144e-01
3.013013013013012831e-01 6.783511972539677526e-01
3.033033033033032400e-01 -4.228346158265272048e-01
3.053053053053051968e-01 -4.366072665005604203e-01
3.073073073073073758e-01 1.322921764873237649e+00
3.093093093093093326e-01 -4.555793286552709542e-01
3.113113113113112895e-01 -1.174150307630586143e+00
3.133133133133132464e-01 -8.600883672313094364e-01
3.153153153153152033e-01 1.339788422560438175e+00
3.173173173173173822e-01 5.980344396898586989e-01
3.193193193193193391e-01 -5.527985230632208591e-01
3.213213213213212960e-01 -5.330409960965887262e-01
3.233233233233232529e-01 -3.023769859048184738e+00
3.253253253253252097e-01 -8.954974798430956895e-01
3.273273273273273887e-01 1.708190455066704583e-01
3.293293293293293456e-01 2.674910288872645592e-01
3.313313313313313024e-01 1.791546482553591835e+00
3.333333333333332593e-01 -5.687415984435023608e-01
3.353353353353352162e-01 -6.503808563714230662e-01
3.373373373373373951e-01 -1.992353526317178325e+00
3.393393393393393520e-01 -9.429876835828032711e-01
3.413413413413413089e-01 -3.650306633373874288e-01
3.433433433433432658e-01 -3.805151058274359732e-01
3.453453453453452227e-01 -8.031161174746264120e-01
3.473473473473474016e-01 -1.293092086028672649e-01
3.493493493493493585e-01 -1.125616435367025603e-01
3.513513513513513153e-01 -3.540604727691603615e-01
3.533533533533532722e-01 7.520888471888271809e-01
3.553553553553554512e-01 -1.051907813147965776e+00
3.573573573573574080e-01 -1.364831061876486062e+00
3.593593593593593649e-01 -5.964156489958616358e-02
3.613613613613613218e-01 -2.530206404244785823e-01
3.633633633633632787e-01 -1.039676576327199342e+00
3.653653653653654576e-01 3.442699739925679236e-01
3.673673673673674145e-01 -2.511686246266687128e+00
3.693693693693693714e-01 -4.785626316159247717e-01
3.713713713713713283e-01 -3.751201379678363867e-01
3.733733733733732851e-01 6.841568363764520821e-01
3.753753753753754641e-01 -1.035459307907262261e+00
3.773773773773774209e-01 -1.625937433482506078e+00
3.793793793793793778e-01 -6.795801825649290251e-01
3.813813813813813347e-01 1.145524188638345375e+00
3.833833833833832916e-01 4.774041803570532316e-01
3.853853853853854705e-01 -1.517366097286991788e+00
3.873873873873874274e-01 -9.255948871798871380e-01
3.893893893893893843e-01 -1.044928528800084022e+00
3.913913913913913412e-01 -1.862636027861184651e+00
3.933933933933932980e-01 -6.632104679790106205e-01
3.953953953953954770e-01 -1.734748357730518498e+00
3.973973973973974338e-01 -5.520527279318632186e-01
3.993993993993993907e-01 -1.248231776648891289e+00
4.014014014014013476e-01 -2.857300735966191163e-01
4.034034034034033045e-01 -1.350839736018929926e+00
4.054054054054054834e-01 -1.274130466420200669e+00
4.074074074074074403e-01 -2.813107011393367607e+00
4.094094094094093972e-01 -2.118213519411490386e-01
4.114114114114113541e-01 -8.833736706945082284e-01
4.134134134134133109e-01 1.320108994980175421e+00
4.154154154154154899e-01 -1.270228958380373419e+00
4.174174174174174468e-01 -1.944893742189819363e-01
4.194194194194194036e-01 -1.140504851482352366e+00
4.214214214214213605e-01 -2.002066360646026499e-01
4.234234234234233174e-01 -5.592502071056298929e-01
4.254254254254254963e-01 8.651231987461366346e-01
4.274274274274274532e-01 -2.231781724694251068e+00
4.294294294294294101e-01 -5.666672271340500444e-01
4.314314314314313670e-01 -7.687993718211169059e-01
4.334334334334333239e-01 1.448541071543113068e+00
4.354354354354355028e-01 -1.556567364951091381e+00
4.374374374374374597e-01 -1.147085615104179279e+00
4.394394394394394165e-01 -1.305482225630077320e+00
4.414414414414413734e-01 -1.983441163197737334e+00
4.434434434434433303e-01 -9.931600569848402227e-01
4.454454454454455092e-01 -1.115213304812711081e+00
4.474474474474474661e-01 -1.458684745048395515e+00
4.494494494494494230e-01 4.555965122665290856e-01
4.514514514514513799e-01 9.097814510800672494e-01
4.534534534534533368e-01 -1.109564954350090948e+00
4.554554554554555157e-01 -6.884453522137119474e-01
4.574574574574574726e-01 -2.033572758155105298e+00
4.594594594594594295e-01 -4.233822132210840472e-02
4.614614614614613863e-01 -1.777609293975817906e+00
4.634634634634633432e-01 -1.625656808574686529e+00
4.654654654654655221e-01 4.175498079572315113e-02
4.674674674674674790e-01 -1.338916388660761347e+00
4.694694694694694359e-01 -1.738828472051474394e+00
4.714714714714713928e-01 -2.285746583245650942e+00
4.734734734734735717e-01 1.689232076224695955e-01
4.754754754754755286e-01 -4.431467782257325627e-01
4.774774774774774855e-01 -1.979456805799592711e+00
4.794794794794794424e-01 -1.703962658220581794e+00
4.814814814814813992e-01 -1.691509765861204384e+00
4.834834834834835782e-01 -2.111185370096481773e+00
4.854854854854855351e-01 -1.997445114508449304e-01
4.874874874874874919e-01 -9.868085729948077311e-01
4.894894894894894488e-01 -7.477510248170822216e-01
4.914914914914914057e-01 -2.039114465813348431e+00
4.934934934934935846e-01 -8.805227963818955672e-01
4.954954954954955415e-01 -1.011484113218734660e+00
4.974974974974974984e-01 -2.069928146620365617e+00
4.994994994994994553e-01 -1.207974984826194031e+00
5.015015015015014122e-01 -1.838210465824054562e+00
5.035035035035035911e-01 -1.239791962934195357e+00
5.055055055055055480e-01 -1.777791697072393928e+00
5.075075075075075048e-01 -7.189334345117297520e-01
5.095095095095094617e-01 -2.629315423954071917e+00
5.115115115115114186e-01 -2.058839305401880537e+00
5.135135135135135975e-01 -1.227726826298208840e+00
5.155155155155155544e-01 -3.025803824131014785e-01
5.175175175175175113e-01 8.126383696854126981e-01
5.195195195195194682e-01 -1.105578185970782279e+00
5.215215215215214251e-01 -2.086064460668189291e+00
5.235235235235236040e-01 -4.795793639380940832e-01
5.255255255255255609e-01 -9.334169144344981461e-01
5.275275275275275177e-01 -3.049581163426406061e+00
5.295295295295294746e-01 -2.014135756953455036e+00
5.315315315315314315e-01 -1.568278264281085077e+00
5.335335335335336104e-01 -2.344575459844666199e+00
5.355355355355355673e-01 -1.438522990638525512e+00
5.375375375375375242e-01 -1.267144119350703146e+00
5.395395395395394811e-01 -3.470915872171858041e+00
5.415415415415414380e-01 -1.940451610629745804e+00
5.435435435435436169e-01 -2.279030799141898100e+00
5.455455455455455738e-01 -3.556009953312040395e+00
5.475475475475475307e-01 -2.129460924434792179e+00
5.495495495495494875e-01 -7.877024241481962452e-01
5.515515515515514444e-01 -1.547467992218658495e+00
5.535535535535536233e-01 -3.612842634464879410e+00
5.555555555555555802e-01 -2.916287016690665368e+00
5.575575575575575371e-01 -1.347844602552961568e+00
5.595595595595594940e-01 -9.771029951649754519e-01
5.615615615615614509e-01 -6.620547927409976552e-01
5.635635635635636298e-01 -2.443202910048642984e+00
5.655655655655655867e-01 -2.451140156449174601e+00
5.675675675675675436e-01 -2.368563224086837060e+00
5.695695695695695004e-01 -1.360802252294707415e+00
5.715715715715714573e-01 -2.744788892488585930e+00
5.735735735735736363e-01 -1.781252937284118376e+00
5.755755755755755931e-01 3.893056082466717083e-01
5.775775775775775500e-01 -1.148785314188061069e+00
5.795795795795795069e-01 -1.666602645712093267e+00
5.815815815815814638e-01 -5.037010880017085412e-01
5.835835835835836427e-01 -1.393990434377370580e+00
5.855855855855855996e-01 -1.573892072727883562e+00
5.875875875875875565e-01 -6.420848926678437429e-01
5.895895895895895134e-01 -2.853568580489937112e+00
5.915915915915914702e-01 -3.867952246162924546e+00
5.935935935935936492e-01 -1.962470133474887080e+00
5.955955955955956060e-01 -3.072768952721158797e+00
5.975975975975975629e-01 -1.546479662257414400e+00
5.995995995995995198e-01 -4.102892173365122908e+00
6.016016016016014767e-01 -6.305771747191333265e-01
6.036036036036036556e-01 -1.532835300355088304e+00
6.056056056056056125e-01 -1.876045722247440262e+00
6.076076076076075694e-01 -1.866768322978897832e+00
6.096096096096095263e-01 -3.049604663093731016e+00
6.116116116116117052e-01 -2.143851913822725219e+00
6.136136136136136621e-01 -3.982919100930728540e-01
6.156156156156156189e-01 1.517937110335312312e-01
6.176176176176175758e-01 -3.670531266580564278e+00
6.196196196196195327e-01 -2.741699606555489943e-01
6.216216216216217116e-01 -1.679021101037776242e+00
6.236236236236236685e-01 -2.561334314017855274e+00
6.256256256256256254e-01 -1.343745945192773794e+00
6.276276276276275823e-01 -3.485363244208146583e+00
6.296296296296295392e-01 -3.034165402774784859e+00
6.316316316316317181e-01 -3.192790682633782851e+00
6.336336336336336750e-01 -3.608309209531387562e+00
6.356356356356356319e-01 -2.230741850094677403e-01
6.376376376376375887e-01 -2.964033777582835150e+00
6.396396396396395456e-01 -1.849314715776443796e+00
6.416416416416417245e-01 -1.886337071834491397e+00
6.436436436436436814e-01 -1.226645656351924796e+00
6.456456456456456383e-01 -1.454930132786226071e+00
6.476476476476475952e-01 -1.360265430693724742e+00
6.496496496496495521e-01 -3.509507997943305924e+00
6.516516516516517310e-01 -1.694771915561843700e+00
6.536536536536536879e-01 -3.790576718292089975e+00
6.556556556556556448e-01 -2.621149738663412609e+00
6.576576576576576016e-01 -4.041352366020719344e+00
6.596596596596595585e-01 -3.604938355858677834e-01
6.616616616616617375e-01 -2.274256117033675029e+00
6.636636636636636943e-01 -3.177175982779786523e+00
6.656656656656656512e-01 -4.899352334399675879e-01
6.676676676676676081e-01 -1.949972245842257479e+00
6.696696696696695650e-01 -4.262347210027946254e+00
6.716716716716717439e-01 -2.282350555532593805e+00
6.736736736736737008e-01 -2.593702874791657287e+00
6.756756756756756577e-01 -3.096272137270070335e+00
6.776776776776776146e-01 -2.005294822081115313e+00
6.796796796796795714e-01 -2.065207509267338093e+00
6.816816816816817504e-01 -9.126380103880846750e-01
6.836836836836837072e-01 -3.725604378311525799e+00
6.856856856856856641e-01 -2.451581822373521735e+00
6.876876876876876210e-01 -3.408172192928914157e+00
6.896896896896895779e-01 -2.696641826145250498e+00
6.916916916916917568e-01 -1.688294404767401780e+00
6.936936936936937137e-01 -1.746565445395784621e+00
6.956956956956956706e-01 -3.799225465171194305e+00
6.976976976976976275e-01 -1.827252008717950904e+00
6.996996996996995843e-01 -3.829901616250752205e+00
7.017017017017017633e-01 -2.883216089454361697e+00
7.037037037037037202e-01 -4.402680660554171510e+00
7.057057057057056770e-01 -9.329169331286293332e-01
7.077077077077076339e-01 -1.393531006799195282e+00
7.097097097097095908e-01 -2.060139129565574656e+00
7.117117117117117697e-01 -3.889153460748054236e+00
7.137137137137137266e-01 -4.542169867010612538e-01
7.157157157157156835e-01 -3.075084277560366619e+00
7.177177177177176404e-01 -3.133786199866166911e+00
7.197197197197195973e-01 -1.843781352382764860e+00
7.217217217217217762e-01 -2.358159811789736882e+00
7.237237237237237331e-01 -7.944228564002031590e-01
7.257257257257256899e-01 -2.502544838671796334e+00
7.277277277277276468e-01 -2.497600020245038355e+00
7.297297297297298257e-01 -5.605454363525501638e-01
7.317317317317317826e-01 -1.736429317796399863e+00
7.337337337337337395e-01 -3.207761199248955641e+00
7.357357357357356964e-01 -1.996889673105169738e+00
7.377377377377376533e-01 -6.789389039097231127e-01
7.397397397397398322e-01 -3.104491714233237332e+00
7.417417417417417891e-01 -9.365297997736421465e-02
7.437437437437437460e-01 -8.785142484437982180e-01
7.457457457457457028e-01 -3.263771941186714542e+00
7.477477477477476597e-01 -7.903727630679441285e-01
7.497497497497498387e-01 -2.600725117608055026e+00
7.517517517517517955e-01 -7.546334927763702627e-01
7.537537537537537524e-01 -1.404180519949647987e+00
7.557557557557557093e-01 -1.616217393723796691e+00
7.577577577577576662e-01 -2.102075223039198359e+00
7.597597597597598451e-01 -1.307248283836676350e+00
7.617617617617618020e-01 -2.016170184094557172e+00
7.637637637637637589e-01 -2.331795770133127110e+00
7.657657657657657158e-01 -1.910004591795962936e+00
7.677677677677676726e-01 -1.414444499108392872e+00
7.697697697697698516e-01 -2.263661711335003268e-01
7.717717717717718084e-01 -2.064910641042429607e+00
7.737737737737737653e-01 -8.722386644385898835e-01
7.757757757757757222e-01 -1.437958835351267783e+00
7.777777777777776791e-01 -2.594543667905234940e+00
7.797797797797798580e-01 -7.364325752061375852e-01
7.817817817817818149e-01 -1.736000225508052885e+00
7.837837837837837718e-01 -1.377815233108801163e+00
7.857857857857857287e-01 -1.257796999857489384e+00
7.877877877877876855e-01 -8.047757756393150164e-01
7.897897897897898645e-01 -1.354464932409632949e+00
7.917917917917918214e-01 -1.780684947080619862e+00
7.937937937937937782e-01 2.180668190874557322e-01
7.957957957957957351e-01 -1.608619721287440463e+00
7.977977977977976920e-01 -1.467283418236484005e+00
7.997997997997998709e-01 -1.002996611372898972e+00
8.018018018018018278e-01 3.644727614236926705e-01
8.038038038038037847e-01 -4.710041506947669765e-01
8.058058058058057416e-01 -5.169703908652809599e-01
8.078078078078076985e-01 -1.903554940132966111e+00
8.098098098098098774e-01 -4.832200199645723115e-01
8.118118118118118343e-01 7.103117551484006142e-01
8.138138138138137911e-01 -1.095653961552905731e+00
8.158158158158157480e-01 -5.407930760510113455e-01
8.178178178178177049e-01 2.986908314183996938e-01
8.198198198198198838e-01 -8.424089301805055552e-01
8.218218218218218407e-01 -2.527796882835136039e+00
8.238238238238237976e-01 -4.589861677957556840e-01
8.258258258258257545e-01 1.563639807820107697e+00
8.278278278278277114e-01 -9.361943105003637244e-01
8.298298298298298903e-01 -1.898187919597217110e+00
8.318318318318318472e-01 -1.724048478241888560e+00
8.338338338338338041e-01 1.168671356318878640e+00
8.358358358358357609e-01 -1.232277871317614348e+00
8.378378378378377178e-01 2.710000126623171579e-01
8.398398398398398967e-01 -2.215295655707258504e+00
8.418418418418418536e-01 -2.209267113001100180e-01
8.438438438438438105e-01 -9.453246038972566989e-01
8.458458458458457674e-01 1.381069640061287629e+00
8.478478478478477243e-01 1.610905172437053778e+00
8.498498498498499032e-01 -1.840756489609399082e+00
8.518518518518518601e-01 -2.203813399532237760e+00
8.538538538538538170e-01 -5.619921337450022314e-01
8.558558558558557738e-01 -6.798285298202685345e-01
8.578578578578577307e-01 -1.133357585127491157e-01
8.598598598598599096e-01 8.562846706560964805e-01
8.618618618618618665e-01 -1.991071032995158641e-01
8.638638638638638234e-01 -1.806887557970159985e+00
8.658658658658657803e-01 -1.420186055175624240e+00
8.678678678678679592e-01 1.654497572142089590e+00
8.698698698698699161e-01 -1.278089545823478668e+00
8.718718718718718730e-01 -6.143885312348024152e-01
8.738738738738738299e-01 -5.490747262047290800e-01
8.758758758758757867e-01 1.646111937929535474e+00
8.778778778778779657e-01 1.011637659883091844e+00
8.798798798798799226e-01 -5.633610490456891773e-01
8.818818818818818794e-01 1.626057404491107361e+00
8.838838838838838363e-01 -4.360154020110826312e-02
8.858858858858857932e-01 -8.408853328283856232e-01
8.878878878878879721e-01 4.361978513267263935e-01
8.898898898898899290e-01 -1.231681639419534013e+00
8.918918918918918859e-01 1.032326276593688030e+00
8.938938938938938428e-01 -1.163943445710210189e-01
8.958958958958957997e-01 -5.690342630120421852e-01
8.978978978978979786e-01 3.611421778187963172e-01
8.998998998998999355e-01 -8.063356557234508948e-01
9.019019019019018923e-01 6.725764246108492106e-01
9.039039039039038492e-01 -1.178074273436390262e-01
9.059059059059058061e-01 -5.851274901845286980e-01
9.079079079079079850e-01 3.997267958971073565e-01
9.099099099099099419e-01 1.092688731366877830e+00
9.119119119119118988e-01 8.259978213960256221e-01
9.139139139139138557e-01 2.088712660319786529e+00
9.159159159159158126e-01 -4.960524066676755828e-01
9.179179179179179915e-01 -3.059386910141968507e-01
9.199199199199199484e-01 1.463713702243519266e-01
9.219219219219219053e-01 -1.570125908498055667e-01
9.239239239239238621e-01 1.179468449916565076e+00
9.259259259259258190e-01 -6.607053759574130769e-01
9.279279279279279979e-01 -7.523375858542569183e-03
9.299299299299299548e-01 9.575017468978348489e-01
9.319319319319319117e-01 -3.157067505386293993e-01
9.339339339339338686e-01 7.451322773273154620e-01
9.359359359359358255e-01 -8.018422888399182602e-01
9.379379379379380044e-01 1.691612532837930560e+00
9.399399399399399613e-01 2.787820229575162512e-01
9.419419419419419182e-01 7.226242992939617693e-01
9.439439439439438750e-01 -1.173672667755047527e+00
9.459459459459458319e-01 2.145792481887030534e-01
9.479479479479480108e-01 1.138037073050360171e+00
9.499499499499499677e-01 8.779593409490173972e-01
9.519519519519519246e-01 2.095672935198289455e+00
9.539539539539538815e-01 2.121765507355472646e+00
9.559559559559558384e-01 -3.082984899288075953e-01
9.579579579579580173e-01 -5.163630274880718352e-01
9.599599599599599742e-01 1.237667271463744001e+00
9.619619619619619311e-01 1.738792198462913552e+00
9.639639639639638879e-01 5.606591364291823032e-01
9.659659659659658448e-01 1.240790965632202258e+00
9.679679679679680238e-01 2.582491726653446396e-01
9.699699699699699806e-01 -1.021566131070130501e+00
9.719719719719719375e-01 8.193058143812514960e-02
9.739739739739738944e-01 2.625030388086836641e+00
9.759759759759758513e-01 1.069538471511450428e+00
9.779779779779780302e-01 6.352769506581685821e-01
9.799799799799799871e-01 3.764557704299052454e-01
9.819819819819819440e-01 -4.087773294516797717e-01
9.839839839839839009e-01 6.071751273230029389e-01
9.859859859859860798e-01 1.806904053889632822e+00
9.879879879879880367e-01 -2.574640466768581826e-01
9.899899899899899935e-01 3.240452937104334463e-01
9.919919919919919504e-01 -6.457338687900079366e-01
9.939939939939939073e-01 2.287095599084420172e+00
9.959959959959960862e-01 -2.867305068788084110e-02
9.979979979979980431e-01 2.048052808361930488e+00
1.000000000000000000e+00 9.694450604833841911e-01
