[[150.3718499   54.00826064 135.65535575 ...   0.           0.
    0.        ]
 [165.07031256  61.85057691 132.04961427 ...   1.           0.
    0.        ]
 [153.3257758   54.34579693 128.10207044 ...   0.           0.
    0.        ]
 ...
 [156.56034278  67.94346288 186.09980715 ...   1.           0.
    0.        ]
 [165.91288181  59.32394298 139.17064587 ...   1.           0.
    0.        ]
 [168.40946946  60.10670265 128.28751105 ...   1.           0.
    0.        ]]
[[169.24290432  66.9925524  174.44305183 ...   1.           0.
    0.        ]
 [159.65653104  71.81328025 169.23667226 ...   0.           0.
    1.        ]
 [169.81498411  81.02150191 136.46657371 ...   0.           0.
    0.        ]
 ...
 [149.06213678  54.89880988 138.13212387 ...   1.           0.
    0.        ]
 [169.60298134  64.45549394 104.55293276 ...   0.           0.
    0.        ]
 [167.66924138  80.33502107 163.42639042 ...   0.           0.
    0.        ]]
[[151.69550659  55.71069085 137.20006952 ...   0.           0.
    0.        ]
 [174.2337773   93.22095662 152.00256243 ...   1.           0.
    0.        ]
 [162.45275499  69.26754355 122.42289741 ...   1.           0.
    0.        ]
 ...
 [153.00246879  41.10547137 105.68334904 ...   0.           0.
    0.        ]
 [165.57470275  65.86621729 165.0593802  ...   1.           0.
    0.        ]
 [164.64913654  66.43814526 125.20409855 ...   0.           0.
    0.        ]]
[[154.68076364  61.93302256 154.70186231 ...   0.           0.
    1.        ]
 [141.52442963  46.98691985 165.3404109  ...   1.           0.
    0.        ]
 [157.09806805  67.83008162 135.17171132 ...   1.           0.
    0.        ]
 ...
 [160.13653026  67.08052429 136.9395997  ...   0.           0.
    0.        ]
 [159.8878918   60.72266069 132.114134   ...   1.           0.
    0.        ]
 [166.78994038  61.24627601 124.15021614 ...   1.           0.
    0.        ]]
[[149.20037739  51.41860643 155.97950577 ...   0.           1.
    1.        ]
 [160.65609616  76.90062179 161.54083211 ...   0.           0.
    0.        ]
 [165.19182041  69.94608764 180.17387657 ...   0.           1.
    0.        ]
 ...
 [146.60788748  60.07908065 156.75060026 ...   0.           0.
    0.        ]
 [163.32113116  55.05163051 103.99683848 ...   0.           0.
    0.        ]
 [148.56578058  62.59025505 180.16401867 ...   0.           1.
    0.        ]]
[[154.30662237  60.86630923 182.09022865 ...   0.           1.
    0.        ]
 [151.32304058  55.2536438  149.42882626 ...   1.           0.
    0.        ]
 [176.333999    76.43033786 145.48050943 ...   1.           0.
    0.        ]
 ...
 [155.31760151  79.34137574 183.88303937 ...   0.           1.
    0.        ]
 [151.1831164   54.67207598 114.85710054 ...   0.           0.
    0.        ]
 [145.78875855  39.93180346 140.1333766  ...   0.           1.
    0.        ]]
[[151.07202846  50.01650727 132.53899372 ...   0.           0.
    0.        ]
 [147.7071311   52.91167578 166.40676163 ...   0.           1.
    0.        ]
 [154.18213403  76.60503915 134.15106541 ...   1.           0.
    0.        ]
 ...
 [145.06021348  47.47892648 184.90988018 ...   0.           0.
    0.        ]
 [176.06353176  81.7709966  131.64182162 ...   1.           0.
    0.        ]
 [157.77609318  44.24797441 123.5080853  ...   1.           0.
    0.        ]]
[[163.45363485  62.7082251  130.31154445 ...   0.           0.
    0.        ]
 [146.4021612   42.7558502  179.33567693 ...   0.           1.
    0.        ]
 [163.01906996  70.4112568  143.69979788 ...   0.           0.
    0.        ]
 ...
 [163.6648871   60.7221942  154.96546421 ...   0.           1.
    0.        ]
 [162.84991579  76.37352332 163.12955257 ...   1.           0.
    0.        ]
 [156.31742313  46.60648792 123.38020025 ...   1.           0.
    0.        ]]
[[158.45707227  62.3701334  124.21050038 ...   1.           0.
    0.        ]
 [166.52471194  67.41463878 145.44229987 ...   1.           1.
    1.        ]
 [170.93739064  74.90274614 157.0777145  ...   1.           0.
    0.        ]
 ...
 [166.17992706  70.39791127 138.18096591 ...   1.           0.
    0.        ]
 [149.85041131  47.88656724 132.66766535 ...   0.           1.
    0.        ]
 [144.57025997  56.40893235 105.63415743 ...   0.           0.
    0.        ]]
[[168.84475192  74.75259911 144.92904565 ...   1.           0.
    0.        ]
 [159.08226892  68.21572811 174.36138189 ...   0.           1.
    0.        ]
 [151.0331369   78.16411751 156.36507615 ...   0.           0.
    0.        ]
 ...
 [152.76427633  63.229293   217.88243387 ...   0.           1.
    0.        ]
 [169.84536992  67.42800971 126.23133183 ...   1.           0.
    0.        ]
 [144.31001577  48.48741746 139.81086493 ...   0.           0.
    0.        ]]
