[[187.32149126  83.30357122 163.63098504 ...  10.59070389   0.
    0.        ]
 [153.06944584  91.43874129 153.78411322 ...   6.27531206   0.
    0.        ]
 [175.21887235  69.97770292 172.87810193 ...  20.75560505   0.
    0.        ]
 ...
 [160.88828625  31.99950269 124.90808706 ...  26.82882957   1.
    0.        ]
 [155.82629929  90.04968957 127.22625677 ...  19.87129463   1.
    0.        ]
 [161.43839188  63.31610603 162.23289052 ...  16.59721493   0.
    0.        ]]
[[145.25308868  44.31105502 105.72656277 ...  19.99524144   0.
    0.        ]
 [170.7706174   68.41223381 143.34619023 ...  10.12083665   1.
    0.        ]
 [153.91632828  75.16164025 152.28909016 ...  18.96988755   0.
    0.        ]
 ...
 [178.49917745  70.84589282 106.10149547 ...  19.73658463   0.
    0.        ]
 [169.95575518  57.0384585  103.97864169 ...   7.00019241   1.
    0.        ]
 [162.98375676  82.65405168  90.01515862 ...   0.9436396    1.
    0.        ]]
[[154.12759743  49.67515595 106.73022196 ...  12.07928677   1.
    0.        ]
 [165.07133171  56.96065701 151.2399358  ...  18.33839437   0.
    0.        ]
 [146.72300826  55.3947404  151.44890942 ...  18.72069325   0.
    0.        ]
 ...
 [145.367335    47.01755723 167.85153953 ...  19.29332493   0.
    0.        ]
 [158.62776368  75.73652482 141.23506308 ...  20.37027247   0.
    0.        ]
 [175.77445085  83.56439899 179.38259639 ...  14.67432364   1.
    0.        ]]
[[174.03516873  61.33554876 127.37720622 ...  20.32367714   0.
    0.        ]
 [159.38377484  67.49763379  79.41150075 ...  13.75384958   0.
    0.        ]
 [152.60297659  57.41286977 127.30830825 ...  16.96906672   0.
    0.        ]
 ...
 [130.28425276  48.02228122 138.14316666 ...  22.44898615   0.
    0.        ]
 [154.79790632  63.37250018 173.73931789 ...  23.98528022   0.
    0.        ]
 [145.33562367  41.84508119 107.10190874 ...  18.5920017    0.
    0.        ]]
[[151.44666282  55.95037212 148.74773917 ...  16.78981928   0.
    0.        ]
 [168.73797785  57.79580034 101.78501761 ...  13.71363594   1.
    0.        ]
 [164.27617756  64.93765945 157.65154139 ...   6.86318438   0.
    0.        ]
 ...
 [151.94971167  49.55531879 135.50388647 ...  18.55483004   1.
    0.        ]
 [167.42240303  58.32828881 152.91119204 ...  16.82837891   1.
    0.        ]
 [147.79369346  46.48820621 136.58781782 ...  20.91628743   1.
    0.        ]]
[[158.75818031  59.41553865 131.84787442 ...  15.30309785   0.
    0.        ]
 [143.23833418  36.35809942 177.43875806 ...   8.59134748   0.
    0.        ]
 [156.03529773  63.88227904 152.4386424  ...  24.49171979   0.
    0.        ]
 ...
 [167.10168485  75.97386965 194.54229416 ...  22.29935203   1.
    0.        ]
 [150.70942768  49.66741352 155.71154743 ...  14.37561545   0.
    0.        ]
 [147.78986696  46.34302827 110.0141788  ...  29.66088392   1.
    0.        ]]
[[165.53828955  62.77410607 149.99371834 ...  15.85187798   1.
    0.        ]
 [170.07223878  85.39371522 168.97930532 ...  12.38519184   1.
    0.        ]
 [144.06233217  54.45498432 151.49725768 ...  13.63589962   0.
    0.        ]
 ...
 [157.30199818  53.5615134  133.94868002 ...  15.57192131   1.
    0.        ]
 [151.96837545  63.94444062 169.38428886 ...  16.02967614   0.
    0.        ]
 [153.98111148  73.00973579 129.09418924 ...  12.65144584   0.
    0.        ]]
[[159.14586345  75.11921138 128.59369408 ...  20.82951834   0.
    0.        ]
 [151.50412095  51.08304024 128.01250966 ...  15.43363097   0.
    0.        ]
 [155.15484192  68.92141167 161.4972243  ...  12.73721853   0.
    0.        ]
 ...
 [178.38955424  72.4942463  137.27766245 ...  14.04106469   1.
    0.        ]
 [166.36067556  60.53001866 107.8586031  ...  26.12352615   1.
    0.        ]
 [162.79652452  71.20308911 125.5378441  ...  17.16667144   1.
    0.        ]]
[[151.5917503   51.96953687 200.33741589 ...  20.48183189   0.
    0.        ]
 [152.82647497  72.53068954 183.20503939 ...   9.7476414    0.
    0.        ]
 [151.60019619  63.33163669 117.73110422 ...  15.26330698   0.
    0.        ]
 ...
 [154.09456104  70.70643136 113.29875969 ...  25.83978397   1.
    0.        ]
 [156.76515195  60.12284257 148.86955493 ...  26.53914442   0.
    0.        ]
 [158.35353747  87.23907616 165.20816878 ...  16.61476943   0.
    0.        ]]
[[181.33240566  97.26225767 139.66290378 ...  10.79017589   1.
    0.        ]
 [146.69833985  62.1569438  197.09651116 ...  20.13981648   0.
    0.        ]
 [174.25042352  50.09354094 109.83971826 ...  13.10315753   1.
    0.        ]
 ...
 [164.91851808  72.15458498 171.59910775 ...  21.51214552   1.
    0.        ]
 [155.64563426  54.61642452 129.37459228 ...  11.90723283   0.
    0.        ]
 [160.7738224   72.43614589 175.74882024 ...  19.17931939   0.
    0.        ]]
[[149.65281097  55.15382133 167.62575138 ...  16.35546448   0.
    0.        ]
 [153.38100979  55.82244135 151.46644987 ...  14.94037319   0.
    0.        ]
 [153.18307435  68.20559412 172.02045962 ...  17.62001429   0.
    0.        ]
 ...
 [164.96573341  60.71289157 113.70324893 ...  21.7314114    0.
    0.        ]
 [159.27120019  60.30026177 102.21343733 ...   9.91312642   0.
    0.        ]
 [163.27441095  76.88526609 138.51701382 ...  15.43830465   1.
    0.        ]]
[[166.43029157  65.87050821 157.08016054 ...  12.99984506   1.
    0.        ]
 [171.34731455  82.97003347 116.12318377 ...  22.91398535   1.
    0.        ]
 [154.75277002  62.04737414 123.6441285  ...  12.73951056   0.
    0.        ]
 ...
 [160.37419042  60.4158787  113.42407274 ...   9.30102223   0.
    0.        ]
 [162.59026488  70.07303875 130.93417516 ...  13.01819437   1.
    0.        ]
 [166.41568362  72.75593642 151.62581617 ...  15.94535205   1.
    0.        ]]
[[166.84077034  66.80187988 148.44485933 ...  13.45471743   1.
    0.        ]
 [162.96483518  67.83266488 136.10848657 ...  13.52071592   0.
    0.        ]
 [150.17054847  41.57994849  88.09580286 ...  19.60109261   0.
    0.        ]
 ...
 [146.86103384  54.29995426 109.72260759 ...  12.67415632   0.
    0.        ]
 [177.35462637  75.46703462 116.06338685 ...  22.4104213    1.
    0.        ]
 [170.92641355  58.17198423  98.33937563 ...  13.65376297   1.
    0.        ]]
[[156.38862146  60.47266813 151.92404497 ...  15.73119022   0.
    0.        ]
 [145.25731585  66.65599466 143.97988229 ...  17.68571997   0.
    0.        ]
 [150.95058516  68.39063518 144.03210776 ...  15.34133258   0.
    0.        ]
 ...
 [166.01046809  85.05566634 158.88840068 ...  13.59611686   0.
    0.        ]
 [164.61441843  78.53393217 174.1600605  ...  17.40787913   1.
    0.        ]
 [170.15794756  85.10835572 131.08144284 ...  19.40217528   0.
    0.        ]]
[[166.77673465  66.54707156  91.92009973 ...   8.3401876    1.
    0.        ]
 [153.83911699  59.68462728 132.61441625 ...  18.96536645   0.
    0.        ]
 [148.75192385  45.85620261 183.4173958  ...  14.11367637   0.
    0.        ]
 ...
 [136.44026325  38.78451956 149.96770381 ...   8.74303869   0.
    0.        ]
 [157.63014703  61.60077546 196.03819016 ...  18.59460061   1.
    0.        ]
 [168.41631979  66.13417458 148.33337791 ...   9.16369588   0.
    0.        ]]
[[148.75999921  42.34560999 121.7555301  ...  15.21658999   0.
    0.        ]
 [146.58329897  58.81028137 128.19081719 ...  15.17954875   0.
    0.        ]
 [159.95512118  77.77679928 174.90127609 ...  11.10678284   0.
    0.        ]
 ...
 [167.68426477  62.10294271 152.39441585 ...  16.29573374   1.
    0.        ]
 [153.95137518  46.45362416 146.30955911 ...   9.92772865   1.
    0.        ]
 [147.60694365  59.24450042 126.35149601 ...  14.78354911   0.
    0.        ]]
[[154.12336141  91.46894259 148.16652689 ...  19.4310101    0.
    0.        ]
 [156.700262    77.63351545 163.76324179 ...  25.57531819   0.
    0.        ]
 [172.98544559  93.95385909 167.36451148 ...  12.4700999    1.
    0.        ]
 ...
 [148.33843602  60.74999573 129.18434906 ...  32.44643652   0.
    0.        ]
 [158.22671373  77.00521864 151.37008276 ...  21.02328177   0.
    0.        ]
 [146.41277495  55.26061947 166.50673644 ...  17.41958884   0.
    0.        ]]
[[159.17908374  61.93963418 139.78882566 ...  12.18529464   0.
    0.        ]
 [169.82904476  60.90996568 153.57192875 ...  24.62269672   1.
    0.        ]
 [165.31838787  80.83263671 171.95627703 ...  10.35205346   0.
    0.        ]
 ...
 [163.77109329  69.81582504 150.30606279 ...  14.0916579    0.
    0.        ]
 [171.81219059  79.01240306 139.33262422 ...  14.09720239   1.
    0.        ]
 [162.05831585  69.69689206 166.51436023 ...  11.08547313   0.
    0.        ]]
[[167.28325518  83.84926751 128.94451908 ...  10.18874462   1.
    0.        ]
 [166.95118788  65.95952506 142.49252695 ...  14.69685693   0.
    0.        ]
 [164.48755264  68.31532037 131.96546818 ...  11.72433675   1.
    0.        ]
 ...
 [169.39367806  71.81682763 133.37288525 ...  12.59609897   1.
    0.        ]
 [166.59215221  78.78781595 171.03254499 ...  12.85897314   1.
    0.        ]
 [169.17293756  82.10723721 179.2034515  ...  13.6296003    0.
    0.        ]]
[[159.15229662  55.74120829 139.19350437 ...  14.98789034   0.
    0.        ]
 [158.16805758  61.96800616 151.99711959 ...  18.0785309    0.
    0.        ]
 [160.55100609  73.1498294  185.7548718  ...  10.88029623   0.
    0.        ]
 ...
 [167.00259651  59.11531815 155.0312702  ...  14.37528154   1.
    0.        ]
 [147.37821213  65.66901963 155.12036911 ...  12.3068695    0.
    0.        ]
 [149.33259116  42.74372063 173.78323277 ...  19.75588322   1.
    0.        ]]
[[153.07191307  54.00010738 190.73598575 ...  16.83530585   0.
    0.        ]
 [158.82733121  64.63105613 115.8302012  ...  21.87462346   0.
    0.        ]
 [153.821576    77.0170225  184.84216112 ...   7.01408101   0.
    0.        ]
 ...
 [152.53658261  67.11716625 151.91926464 ...  13.36320536   0.
    0.        ]
 [142.77598574  69.31543239 164.20523064 ...   5.55568849   0.
    0.        ]
 [161.41080713  73.14887915 145.63814533 ...  19.51604985   1.
    0.        ]]
[[180.82669859  96.45680685 120.91880924 ...  13.2293483    1.
    0.        ]
 [163.9667603   69.94475063 117.1853261  ...  19.90195774   1.
    0.        ]
 [153.1016238   55.29450119 158.16262889 ...  16.4952014    0.
    0.        ]
 ...
 [161.70892429  79.67230617 167.31266572 ...   7.58382139   1.
    1.        ]
 [173.46730413  63.10124535 139.54611615 ...  18.17901275   1.
    0.        ]
 [159.05820102  63.71377642 140.07859381 ...  12.79657475   1.
    0.        ]]
[[158.4731473   61.43479402 166.10221574 ...   8.10536286   0.
    0.        ]
 [158.49241636  66.28596702 172.64459521 ...  16.61900941   0.
    0.        ]
 [174.80902764  70.09790868 100.94132658 ...  12.80395922   1.
    0.        ]
 ...
 [146.24350669  51.04543852 100.02889354 ...  14.30645532   0.
    0.        ]
 [165.42446976  75.2351959  142.69164767 ...  14.08252898   1.
    0.        ]
 [172.73884251  63.18359852 128.32732726 ...  19.62706759   1.
    0.        ]]
[[159.77594029  57.32176998 133.52344254 ...  22.1553029    0.
    1.        ]
 [157.45514972  71.08990792 122.00173264 ...  18.82393654   0.
    0.        ]
 [168.64883398  57.83470531 107.7353377  ...  11.15444385   1.
    0.        ]
 ...
 [177.12767411  88.95581942 160.44982971 ...  18.49150498   1.
    0.        ]
 [158.49147893  69.04749952 139.37224526 ...  13.85453696   1.
    0.        ]
 [144.88071507  55.0684665  153.0754181  ...  22.40001632   0.
    0.        ]]
[[149.33078876  49.72932714 228.71125539 ...  15.27581692   0.
    1.        ]
 [145.30984007  66.4610614  218.84970459 ...  22.38925064   0.
    1.        ]
 [164.60702042  66.17550641 170.82106644 ...  21.11808136   1.
    0.        ]
 ...
 [165.53690081  60.24315593 130.73133615 ...   5.30871438   1.
    1.        ]
 [155.71000492  54.12376911 127.9437335  ...  13.41604789   0.
    0.        ]
 [151.0499829   83.98689567 177.37501347 ...  13.08729406   0.
    0.        ]]
[[152.99672571  58.82079033 120.68443836 ...  15.44747443   1.
    0.        ]
 [178.97820729  56.87312083 188.03438653 ...  20.27071626   1.
    0.        ]
 [153.45406789  70.70256273 119.7805074  ...  16.30274008   0.
    0.        ]
 ...
 [141.07691056  59.04295727 114.00527322 ...  10.66504644   0.
    0.        ]
 [156.95469762  58.82474342 145.83200873 ...  13.28828844   1.
    0.        ]
 [143.88599923  46.36008751 192.11028848 ...  16.59522388   0.
    0.        ]]
[[172.56867298  55.75004387 134.96233428 ...  18.83684254   1.
    0.        ]
 [169.13610671  62.76133496 119.92668311 ...  13.40807894   1.
    0.        ]
 [165.65536137  47.69050313 129.61077121 ...  16.46318634   1.
    0.        ]
 ...
 [157.4275519   54.87019137 143.92490094 ...  15.88755008   0.
    0.        ]
 [162.41925721  66.91639525 146.51114455 ...  15.03073758   0.
    0.        ]
 [155.69306787  55.9825898  131.06680739 ...  14.6781691    1.
    0.        ]]
[[155.0523636   59.14196937 118.44834337 ...  16.66030811   0.
    0.        ]
 [160.88633381  53.49212073 153.46935235 ...  14.02373913   0.
    0.        ]
 [158.6479857   43.45968763 149.89710264 ...   5.3099385    1.
    0.        ]
 ...
 [162.74004555  76.40908352 131.52446113 ...   6.87889225   0.
    1.        ]
 [172.89720512  86.35840802 149.99054128 ...  19.74201901   1.
    0.        ]
 [155.68925178  52.08775068 146.69499701 ...  15.14420298   1.
    0.        ]]
[[159.05588901  57.6896458  124.63703001 ...  18.05958424   0.
    0.        ]
 [166.15685247  44.02714425 161.56094041 ...  13.82581095   0.
    0.        ]
 [155.86823788  49.9996016  102.92511185 ...  19.49284129   0.
    0.        ]
 ...
 [167.78904852  65.31468879 134.09237257 ...  10.17071855   0.
    1.        ]
 [161.63536352  60.17889834 141.27467093 ...  14.91696779   1.
    0.        ]
 [168.17466923  90.86859379 146.31278004 ...   6.48217115   1.
    1.        ]]
[[142.56123452  51.32907988 148.90996243 ...  15.7185126    0.
    0.        ]
 [167.09469835  74.6697485  136.1013798  ...  27.1242948    1.
    0.        ]
 [166.52586069  76.6923262  174.14544674 ...  11.98359346   0.
    0.        ]
 ...
 [163.95771544  60.91408178 121.22127144 ...  16.12572721   0.
    0.        ]
 [151.31691577  67.377202   128.70342577 ...  13.15254044   0.
    0.        ]
 [173.53129874  65.95688815 134.90471215 ...  21.15769862   1.
    0.        ]]
[[150.10071199  60.29885099 154.7628631  ...  17.43901154   0.
    0.        ]
 [149.89326962  55.65105595 125.95496842 ...  21.7402921    0.
    1.        ]
 [161.0054875   67.34091759 181.7442196  ...  10.12691322   1.
    0.        ]
 ...
 [154.39045771  62.69528577 168.27574535 ...  14.45664446   0.
    0.        ]
 [155.50224697  42.34081341 193.65085697 ...  14.53350838   1.
    1.        ]
 [176.93485333  81.64110448 144.72285832 ...  13.0100607    1.
    0.        ]]
[[151.31782699  55.38849702 146.98592896 ...  16.11142059   0.
    0.        ]
 [162.37567158  72.23226689 108.76763641 ...  16.9825862    1.
    0.        ]
 [161.81326395  78.44439918 185.93629869 ...  19.7823507    1.
    0.        ]
 ...
 [166.58643304  68.04695356 136.82847417 ...  29.02104049   1.
    0.        ]
 [160.1800297   74.5684274  113.94178791 ...   6.92244836   1.
    0.        ]
 [151.69502601  62.46775147 177.05856224 ...  13.50952462   0.
    0.        ]]
[[158.75188917  69.11480596 133.2994918  ...  18.3200043    0.
    0.        ]
 [158.41256558  84.96154794 153.92964228 ...  17.29571597   0.
    0.        ]
 [168.66351388  72.3740897  158.31627811 ...  13.81948638   1.
    1.        ]
 ...
 [164.59268686  84.5614668  141.03632845 ...  18.12790325   1.
    0.        ]
 [161.59952191  72.47725704 152.18721136 ...  10.2250512    1.
    0.        ]
 [163.45475471  63.8938581  180.67361419 ...  17.19668993   1.
    0.        ]]
[[162.62122385  65.15497599 177.36145314 ...  20.4461511    0.
    0.        ]
 [161.01611514  64.75133305 163.14800509 ...  13.9319865    1.
    0.        ]
 [155.98357669  67.42737179 170.69817174 ...   9.87672318   0.
    1.        ]
 ...
 [156.97847382  75.01383376 114.8154693  ...   8.69338136   1.
    1.        ]
 [178.30527037  70.12479198 151.88383752 ...  18.44875153   1.
    0.        ]
 [158.35406199  74.67489337 120.37512484 ...  10.42801225   0.
    1.        ]]
[[165.98324072  72.06268033 142.07677547 ...  19.43354377   1.
    1.        ]
 [153.65836156  52.38092587 177.43966624 ...  10.37025506   1.
    0.        ]
 [137.60921281  47.85252108 152.42466837 ...  14.73077461   0.
    0.        ]
 ...
 [177.97531416  92.09021643 124.97995071 ...  20.04358512   1.
    0.        ]
 [158.5918473   77.07760685 138.51175977 ...  20.15756562   0.
    0.        ]
 [159.88145839  68.248448   131.58433581 ...  13.84260121   0.
    1.        ]]
[[166.46879326  84.94382579 179.48725319 ...  11.95135946   0.
    0.        ]
 [156.91213611  56.45071516 160.25071002 ...  12.99332182   0.
    0.        ]
 [152.35426437  44.1095263  128.8949928  ...  11.13664077   0.
    0.        ]
 ...
 [155.08689229  52.91072284 131.10133565 ...  13.97074987   1.
    0.        ]
 [169.77332868  85.94802422 122.80726758 ...  25.45784913   1.
    0.        ]
 [169.82381857  69.73178911 121.20158577 ...  15.29589635   1.
    0.        ]]
[[171.67662266  75.2182761  111.16603846 ...  14.14849777   0.
    0.        ]
 [149.02057176  57.61823573 161.52714027 ...  16.30258292   0.
    0.        ]
 [162.80974815  54.54488172 149.48585797 ...  15.90148835   0.
    0.        ]
 ...
 [166.17249084  55.96836501 108.64910125 ...  27.68339196   1.
    0.        ]
 [167.39368868  71.07284924 165.36669686 ...  10.30708725   1.
    0.        ]
 [150.6964094   75.79042643 155.38110213 ...  27.05112827   0.
    0.        ]]
[[156.9996992   45.00703611 159.46470401 ...  16.04232392   1.
    0.        ]
 [155.97919393  59.39576532 134.33341582 ...  16.54588837   1.
    0.        ]
 [155.87816721  54.40443321 156.30972964 ...  15.38649061   1.
    1.        ]
 ...
 [151.55458356  57.91718243 123.68601201 ...   8.82366136   0.
    0.        ]
 [162.7522577   70.69079804 153.14524557 ...  16.95314172   1.
    1.        ]
 [170.14349819  77.05200116 107.08250732 ...  11.27458839   1.
    0.        ]]
[[154.82011822  42.86172105 138.31241937 ...  27.51228338   0.
    0.        ]
 [153.5185329   72.1470635  151.59865832 ...  11.05852221   0.
    0.        ]
 [163.60066484  50.91893337 104.7573425  ...   8.83309963   1.
    0.        ]
 ...
 [152.85925802  58.50589786 124.9197583  ...   9.86393417   1.
    0.        ]
 [161.71916026  74.3612289  116.79017526 ...  19.63913716   1.
    0.        ]
 [161.20677343  65.88115168 119.6479832  ...  13.88076393   0.
    0.        ]]
[[153.54921406  61.24330457 134.52461121 ...  28.65574971   0.
    0.        ]
 [165.19293923  75.55545713 145.00494196 ...   4.57621856   0.
    0.        ]
 [151.07796198  57.11908581 133.78286086 ...  14.60520685   0.
    0.        ]
 ...
 [158.50058565  72.40367065 188.75983228 ...  14.13402921   0.
    0.        ]
 [167.85457459  72.54542354 118.77413274 ...  17.1319201    0.
    0.        ]
 [154.74425717  48.3400441  112.8633029  ...  15.21341508   1.
    0.        ]]
[[159.85661678  46.50035114 115.31969917 ...  50.82814197   1.
    1.        ]
 [161.6504487   60.00904304 138.15053824 ...  17.59790461   0.
    0.        ]
 [147.15512218  44.95139542 137.33420536 ...  18.41845872   0.
    0.        ]
 ...
 [159.46209908  47.13917817 159.26558999 ...  10.33458359   0.
    0.        ]
 [159.98314151  59.03174496 143.48462953 ...  20.18267773   1.
    0.        ]
 [172.72832718  76.71594471 194.40104637 ...   9.48301724   1.
    0.        ]]
[[160.07242061  69.43412437 180.07275696 ...  18.02178312   1.
    0.        ]
 [152.99697318  56.60953533 168.01848964 ...  13.11266087   0.
    0.        ]
 [151.59944409  64.96499991 189.3950933  ...  10.84065622   0.
    0.        ]
 ...
 [162.66459533  72.80299236 176.95214324 ...  14.8519297    0.
    1.        ]
 [156.60583473  47.01985271 157.38051354 ...  12.26621926   0.
    0.        ]
 [159.42444475  54.83061885 158.65780987 ...  14.86372962   0.
    0.        ]]
[[139.68348127  65.90691467 148.76082751 ...  14.44444187   0.
    0.        ]
 [166.59407309  92.30169265 161.07407734 ...  24.31291387   1.
    0.        ]
 [165.53434384  55.32553141 156.24416411 ...  17.21095946   1.
    0.        ]
 ...
 [154.31506223  70.35808401 120.26119789 ...  13.67047832   1.
    0.        ]
 [141.65213219  64.52311575 176.5500658  ...  13.7917104    0.
    0.        ]
 [152.43189469  49.83322773 161.5217958  ...   7.1614075    1.
    0.        ]]
[[148.15534098  48.32384486 119.97378328 ...   4.23201924   0.
    0.        ]
 [172.79583139  60.85260819 115.78524551 ...  22.42936036   1.
    0.        ]
 [156.77862082  64.28892829 123.85950943 ...  18.97867531   0.
    0.        ]
 ...
 [145.03352236  76.65819459 149.11827419 ...  13.5392958    0.
    1.        ]
 [166.68199643  86.65865587 139.52128157 ...  18.84298949   1.
    0.        ]
 [147.91401143  69.75056886 206.20916577 ...  20.05548674   0.
    1.        ]]
[[167.57971174  70.20436462 116.71003891 ...  15.45015067   1.
    0.        ]
 [168.18632646  83.52600606 134.48005484 ...  16.03965074   1.
    0.        ]
 [167.12939437  63.23772084 142.45592005 ...  15.49630662   1.
    0.        ]
 ...
 [161.3541794   68.08009679 168.37372193 ...  14.02760776   1.
    0.        ]
 [151.00178341  47.55840608 155.7663098  ...  15.01587111   0.
    0.        ]
 [175.59333836  70.61042579 114.35823702 ...  19.39398189   1.
    0.        ]]
[[158.52244781  68.82992824 156.36210808 ...  15.5022748    0.
    0.        ]
 [149.9023122   57.31326287 110.63935233 ...  19.63083475   1.
    1.        ]
 [151.32446649  50.78923683 148.69296982 ...   8.73770639   1.
    0.        ]
 ...
 [159.04095529  65.45267015  95.89170742 ...  13.41299164   0.
    0.        ]
 [160.10588786  74.85496686 141.92181567 ...  12.9021443    0.
    0.        ]
 [152.04186309  88.57043763 140.61210591 ...  11.69554255   0.
    1.        ]]
[[170.27764341  63.75317131 108.19515037 ...  14.96001203   1.
    0.        ]
 [160.19208986  73.4456125  184.42803152 ...  16.52726605   0.
    0.        ]
 [160.22482595  63.13942886 138.34290195 ...  20.95927331   0.
    0.        ]
 ...
 [161.85883143  67.94628381 139.03946881 ...  18.43297456   1.
    0.        ]
 [155.67715268  61.135568   107.16599842 ...  12.46331728   0.
    0.        ]
 [164.40120893  67.21675588 133.99402947 ...  13.0527255    0.
    0.        ]]
[[160.45264089  69.43009722 131.00184257 ...  12.20048364   0.
    0.        ]
 [146.06383113  47.75494858 125.67832592 ...  11.31944697   0.
    0.        ]
 [158.64974167  64.09606605 180.34013707 ...  36.06013742   0.
    1.        ]
 ...
 [156.44143753  64.85525552 179.33144268 ...  12.56329991   0.
    0.        ]
 [167.49257227  71.15183268 141.78265812 ...  14.57540305   1.
    0.        ]
 [166.75620295  54.40752769 111.74767108 ...  16.97699485   1.
    1.        ]]
[[167.05718625  75.85799502 146.61922182 ...  13.75657978   1.
    0.        ]
 [142.76383635  36.73758124 143.27911474 ...  19.85092445   0.
    0.        ]
 [166.80360646  72.97521608 140.77876031 ...  19.07884241   1.
    0.        ]
 ...
 [165.16347513  58.44110214 127.82686112 ...  14.37651578   1.
    0.        ]
 [159.04413192  77.47302246 140.52650405 ...  10.80966815   0.
    0.        ]
 [171.82325163  75.92906571 172.15640355 ...  29.77047211   1.
    0.        ]]
[[168.29592415  69.95285417 117.96211209 ...  17.403198     1.
    0.        ]
 [153.7172857   42.77290491 147.48379748 ...  14.153271     0.
    0.        ]
 [163.25792886  71.30084561 142.95318603 ...  15.00635241   1.
    0.        ]
 ...
 [160.42498342  81.64329386 132.6668528  ...  18.51298426   0.
    0.        ]
 [157.00093604  61.11506233 131.19851402 ...  14.82179595   0.
    0.        ]
 [175.99079831  76.96432462 152.23081492 ...  11.90360514   1.
    0.        ]]
[[157.21536943  43.780525   152.91086943 ...  19.72153672   0.
    0.        ]
 [159.62915267  76.07244351 146.12643625 ...  10.91958126   0.
    0.        ]
 [163.76645037  64.95531749 130.04336238 ...  13.4293389    0.
    0.        ]
 ...
 [159.69338939  51.81668876 146.17735819 ...  12.75819479   1.
    0.        ]
 [153.43202546  63.22999136 173.1651815  ...  18.00472555   0.
    0.        ]
 [167.09990415  65.52378848 124.35486719 ...  20.69298262   1.
    0.        ]]
[[151.3720649   45.99266    134.74024887 ...  11.84084893   0.
    0.        ]
 [165.16279022  60.70450039 137.50684134 ...   8.74638334   1.
    0.        ]
 [139.36082102  49.47210362 170.79515917 ...  10.50317793   0.
    0.        ]
 ...
 [167.80452645  72.41523953 117.22262651 ...  13.40281222   1.
    0.        ]
 [154.52378732  63.70932373 134.07438736 ...   9.92618821   1.
    0.        ]
 [174.09668304  97.83388398 124.27176004 ...  15.53214562   1.
    0.        ]]
[[154.91357936  59.33960277 153.39422625 ...  16.58775726   0.
    0.        ]
 [146.96770529  44.16856099 134.33182078 ...  14.60883462   0.
    0.        ]
 [186.20235297  81.36850314 139.1655464  ...  23.00825438   1.
    1.        ]
 ...
 [145.28298124  83.5824289  172.13422698 ...  18.66801894   0.
    0.        ]
 [162.25769407  59.27449228 109.49714332 ...  15.54922046   1.
    1.        ]
 [162.29512716  61.58171756 122.189005   ...  12.78671092   1.
    0.        ]]
[[146.43098801  58.08125382 136.14291627 ...  16.15749621   0.
    0.        ]
 [161.83351597  67.26049156 156.74783654 ...  17.33098553   0.
    0.        ]
 [165.94429222  63.51072454 165.09945537 ...   8.43192785   1.
    0.        ]
 ...
 [147.67065585  41.01301728 129.05515609 ...   7.71454774   0.
    0.        ]
 [140.01628114  24.13351076 138.50490821 ...  16.94539397   0.
    0.        ]
 [160.07833882  69.38526053 152.44117117 ...   8.32032343   0.
    0.        ]]
[[162.4730419   74.93250747 147.318071   ...   8.13498132   1.
    0.        ]
 [155.97994097  54.26232504 137.72827674 ...  20.71262621   0.
    0.        ]
 [150.59491147  39.7798598  123.48032327 ...  13.75254111   0.
    0.        ]
 ...
 [161.37313162  49.33939082 129.34036631 ...   6.35809991   0.
    0.        ]
 [160.85818177  68.58990703 131.55503879 ...  17.9519688    1.
    0.        ]
 [147.59379809  55.95203213 148.35114149 ...  16.65565443   0.
    0.        ]]
[[156.23388949  55.93527964 114.4404691  ...  18.43057451   0.
    1.        ]
 [157.12268016  56.1480567  145.02174926 ...  16.77984624   1.
    0.        ]
 [145.75920681  36.59982691 157.43917078 ...  12.6325643    0.
    0.        ]
 ...
 [160.04931773  63.29067006 170.77128731 ...  11.64834234   0.
    1.        ]
 [162.21012944  83.79860845 152.75365462 ...  10.21660704   1.
    0.        ]
 [162.47463422  62.95926823 147.70824751 ...  15.44085835   0.
    0.        ]]
[[150.85221933  46.0102234  107.85353399 ...  16.40351825   0.
    0.        ]
 [157.87937904  59.4787928  116.67729675 ...  18.36432254   0.
    0.        ]
 [148.23383153  59.66148808 141.30227865 ...  13.12040425   0.
    0.        ]
 ...
 [156.55720313  86.13780322 162.29241713 ...  11.51801982   1.
    1.        ]
 [155.69124965  71.14180614 104.45043835 ...  19.29674327   0.
    0.        ]
 [181.99756896  67.62191439 152.34170273 ...  13.42877243   1.
    0.        ]]
