[[ -2.28629392  -7.36247724]
 [ -7.94669746  -4.19001556]
 [  0.63280413  -1.44305013]
 ...
 [-10.3465637   -1.30410312]
 [ -1.34523694  -2.79518174]
 [ -6.12750342 -12.75146247]]
[[-3.38675994 -0.13649837]
 [ 0.6132083  -0.82474605]
 [-0.15043275 -1.49330665]
 ...
 [ 0.53421442 -0.96055628]
 [ 0.07373384 -2.18523533]
 [ 0.46122239 -1.72806848]]
[[-0.58225281 -1.7921964 ]
 [-1.2094694  -1.97521716]
 [-1.08708208 -2.83082573]
 ...
 [ 0.01717039 -2.58998458]
 [ 0.50512513 -0.58571574]
 [-0.08585229  0.32458275]]
[[-0.08233252 -2.90595353]
 [ 1.25437477 -2.52560073]
 [ 0.95077309  0.63022189]
 ...
 [-1.1037405  -3.29009809]
 [-0.6003335  -1.27578604]
 [-0.13305605 -0.10808696]]
[[ 0.70244963  0.10645464]
 [-0.27329085 -1.23300974]
 [ 0.54898451 -1.48149865]
 ...
 [-0.69093912 -3.37475121]
 [ 0.62452068  0.99073226]
 [ 0.46346021 -4.19499881]]
[[ 1.12631368 -2.4437262 ]
 [ 0.0397108  -0.80838755]
 [ 0.02907132 -1.55125409]
 ...
 [-0.74414878 -1.48034992]
 [-0.51348603 -3.51057913]
 [-0.74657652 -1.79794772]]
[[ 0.9088278  -1.43023572]
 [-0.286142    0.42077862]
 [ 0.20257512 -1.0631687 ]
 ...
 [-0.02559072 -2.82808357]
 [ 0.77620526 -1.43468942]
 [ 0.76377841 -0.91853557]]
[[ 0.18442742 -1.13447484]
 [-0.83162334 -1.50677347]
 [ 0.84063242  0.26770022]
 ...
 [-0.6865792  -1.60768592]
 [ 0.48057398 -1.01766174]
 [ 0.17521896 -3.93675985]]
[[-0.54819348 -3.06663015]
 [ 0.71083447 -5.81556719]
 [-0.50848196 -4.67190309]
 ...
 [-0.41985016 -2.65841672]
 [-0.76641133 -3.00631679]
 [-0.86277137 -2.14792227]]
[[-0.54053394 -1.82751163]
 [ 0.46070267  0.85401861]
 [-0.57465506 -2.70278925]
 ...
 [ 0.17715281 -0.69253063]
 [-0.71953304 -1.84416476]
 [ 0.77869625 -1.87265378]]
[[ 0.50399912 -1.53975208]
 [ 0.76724738 -0.05646501]
 [ 0.00606535 -3.25928973]
 ...
 [ 0.38483925 -1.2600533 ]
 [-0.15557137 -3.25673767]
 [-0.25519783 -1.79720044]]
[[-0.44936891 -2.30947528]
 [ 0.27760715 -0.69155711]
 [-1.0477248  -3.86386537]
 ...
 [-0.41834787 -3.90671692]
 [ 0.97920157  0.89210206]
 [-0.99579388 -3.08894599]]
[[-0.87644039 -2.81417141]
 [-0.94039127 -1.11878612]
 [-0.47710525 -0.32612767]
 ...
 [-0.56753391 -2.74548384]
 [-0.26808691 -0.09688125]
 [-0.69651379 -2.5990575 ]]
[[-1.17507966 -5.06511052]
 [-0.99968276 -2.11328984]
 [-0.50098406 -2.33634471]
 ...
 [-0.47305179 -2.12630722]
 [ 0.86849376 -0.78309408]
 [ 0.03323833 -0.86281903]]
[[-0.48840738 -3.23130637]
 [-0.71095107 -1.39805802]
 [ 0.331811   -3.08353117]
 ...
 [-0.35934122 -1.95744559]
 [-0.70285054 -0.40547439]
 [-0.72639949 -1.93358788]]
[[-0.50709715 -2.53337717]
 [ 1.07732235 -0.59196819]
 [-0.11231109 -3.46294488]
 ...
 [ 0.99501932 -1.43382627]
 [ 0.16151616  0.09799669]
 [-1.00662756 -1.56790578]]
[[ 0.65926987 -1.13000898]
 [-0.23083815 -4.4414212 ]
 [-0.3827621  -1.46013812]
 ...
 [-0.50561258 -2.57515985]
 [ 1.06529408  2.173656  ]
 [-0.73796547 -1.35785241]]
[[-0.10955397 -0.48120343]
 [ 0.26995955 -0.59349531]
 [-0.7014864  -2.15541195]
 ...
 [-0.68720629 -2.85123358]
 [ 0.70446506 -0.6953092 ]
 [-0.75818483 -3.06871562]]
[[ 0.66714866 -1.7616877 ]
 [ 0.89779279  0.48952339]
 [ 0.45260029 -1.85694971]
 ...
 [-0.17080844 -0.42311768]
 [-0.06443382 -2.2776951 ]
 [ 1.06000691 -1.04716188]]
[[-0.74959488 -0.79846693]
 [-0.66745139 -4.26708169]
 [ 0.51172841 -0.66074089]
 ...
 [ 0.58391057 -0.35009401]
 [ 0.22577568  1.77490865]
 [ 0.57341327 -2.1449245 ]]
[[ 0.50754287  1.10391749]
 [-0.67825137 -1.81716785]
 [-0.67562134 -1.18116876]
 ...
 [ 0.21824026  0.21001158]
 [-0.2977545  -1.60992815]
 [ 0.89415094  2.25460055]]
[[ 0.73533256 -0.44738099]
 [ 0.81155126 -0.21611523]
 [-0.54245566 -3.50393746]
 ...
 [-0.35242663 -1.87388183]
 [-0.73854296 -1.65751051]
 [ 0.55025302 -1.97095308]]
[[ 0.13440238 -1.83462945]
 [-0.46598748  0.39297165]
 [ 0.66145342 -2.5907698 ]
 ...
 [-0.23810093 -0.48931764]
 [ 0.43011616 -0.71936582]
 [-0.96518241 -0.98158304]]
[[ 0.50530542 -2.28787953]
 [-0.75165785 -1.61586632]
 [ 0.34720164 -0.15022676]
 ...
 [ 0.77835019 -0.69523596]
 [-0.79415495 -2.85413513]
 [-0.02383188 -3.1033088 ]]
[[ 0.67984402 -1.52680837]
 [-0.91859586 -1.91820376]
 [-0.83665434 -5.36576107]
 ...
 [ 0.43211655 -0.17931146]
 [-0.6347896  -3.33832195]
 [ 0.85905992  0.43818698]]
[[ 0.59944228 -4.29232142]
 [-0.09258372 -2.16432161]
 [-0.79420738 -2.7183155 ]
 ...
 [-1.13644068 -1.54166273]
 [-0.39309755 -2.61304714]
 [ 0.09163083 -0.97007163]]
[[-0.40701378 -0.91997682]
 [ 0.82587641 -0.79733551]
 [-0.56790635 -2.32822724]
 ...
 [ 0.81342262 -2.13189227]
 [-0.1174468  -2.29157246]
 [ 0.03647312 -2.74909678]]
[[ 0.55959115 -2.38291908]
 [ 0.40773257 -1.25164506]
 [-0.09650651  1.01859893]
 ...
 [ 0.42798165 -0.62294911]
 [ 0.58189704 -0.99754584]
 [-0.45945108 -3.26833497]]
[[-0.11652868 -0.24037694]
 [-0.58648428 -2.19867658]
 [ 0.15840763  0.17211063]
 ...
 [ 0.2117935  -1.01775283]
 [-0.66660784 -3.76325501]
 [ 0.28586247  0.01924708]]
[[-0.27404517 -2.17413615]
 [ 0.51756671 -0.80663758]
 [-0.79913478 -2.93187448]
 ...
 [ 0.2801376  -0.64552559]
 [ 0.83107075 -1.08231749]
 [-0.49736397 -3.59094669]]
[[-0.70479511 -2.34968941]
 [ 0.06344573 -4.14419652]
 [ 0.61923851 -1.84462214]
 ...
 [ 0.79804231 -2.52478026]
 [ 0.36415862 -0.81733294]
 [-0.13926646 -2.39337395]]
[[ 0.31992977  0.0442436 ]
 [-0.19696955 -2.67072683]
 [-0.51780149 -1.76964993]
 ...
 [ 0.5216278  -0.35144912]
 [ 0.95821256  0.14393148]
 [-0.90160622 -3.28491465]]
[[ 0.7399365  -1.21656053]
 [ 0.200629   -0.85451048]
 [ 0.95885129  1.56966581]
 ...
 [-0.64952937 -4.30047414]
 [-0.55635186 -0.75458751]
 [-0.21951028 -2.52820978]]
[[-0.81304026 -2.35499039]
 [-0.36980799 -1.62107292]
 [ 0.49864199 -1.03667985]
 ...
 [-0.70178011 -5.15379118]
 [-0.50164174 -2.45767216]
 [ 0.30096659 -0.32205186]]
[[-0.77235269 -1.13139235]
 [-0.16164939 -3.69666421]
 [-0.24374237 -1.4017159 ]
 ...
 [-0.77159184 -1.60077302]
 [-0.30492143 -1.36253965]
 [ 0.2160446   0.18288876]]
[[-1.27277244e-03 -4.00529699e-01]
 [-9.27023192e-01 -2.21848618e+00]
 [-9.15062215e-02 -4.06031608e+00]
 ...
 [ 1.55455016e-02 -2.59833376e+00]
 [ 1.26198324e-01 -4.59055115e+00]
 [ 3.25372709e-01 -3.57974542e-01]]
[[-0.73060606 -2.48748014]
 [-0.35409165 -0.32599913]
 [ 0.7760638  -0.26582833]
 ...
 [ 0.34447042 -1.00024307]
 [ 0.04321813 -2.8339182 ]
 [ 0.91426056 -1.15975316]]
[[ 0.52317062 -1.63808394]
 [ 0.59081273 -3.35346344]
 [-0.38016585 -1.07490797]
 ...
 [-0.37650209 -1.86215959]
 [ 0.1480035  -2.58734913]
 [ 0.42233981 -1.73143911]]
[[-0.77825387 -2.10429938]
 [-0.25769246 -1.54720376]
 [ 0.90068684  2.61908867]
 ...
 [-0.48257753  0.97826899]
 [ 0.75599452  0.64165071]
 [-1.00057337 -2.64635891]]
[[ 1.02965259  1.54831822]
 [ 0.38858829 -0.6393587 ]
 [ 0.86525727 -0.83163797]
 ...
 [-0.23183704 -2.58960996]
 [-0.83247095 -1.86083613]
 [-0.28013319 -2.98898934]]
[[-0.80522359  0.10928301]
 [ 0.70717582 -3.56050366]
 [ 0.96526281 -0.73301857]
 ...
 [ 0.63388266 -2.82432189]
 [ 0.24362862 -1.2481354 ]
 [ 0.35054478  0.53012063]]
[[-0.18719396 -2.20746092]
 [ 0.34269326 -1.26761476]
 [ 0.45824955 -1.8195916 ]
 ...
 [ 0.35342267 -4.35086906]
 [ 0.51317782  0.4756098 ]
 [-1.01608912 -2.78788532]]
[[-0.8502109  -3.18355315]
 [-0.25205109 -1.67334783]
 [-0.61881514 -2.62755095]
 ...
 [-0.67814993 -1.59221439]
 [-0.55290431 -3.90386425]
 [ 0.95943692  1.96913768]]
[[ 0.6198442  -2.81480793]
 [ 0.47325923 -2.79696536]
 [-0.31508409 -0.99101219]
 ...
 [ 0.3337728  -0.46537036]
 [-0.47796785 -2.13463824]
 [-0.16577787 -2.61520356]]
[[-0.02398003 -2.45851209]
 [-0.61392808 -1.21008739]
 [-0.89409543 -2.26390087]
 ...
 [-0.25675953 -1.71203584]
 [-0.24025626 -1.89807973]
 [ 0.84345685 -0.24935496]]
[[-0.8115785  -2.21938191]
 [ 0.60118273 -0.55866319]
 [-0.82349085 -2.71360294]
 ...
 [ 0.72598293 -1.87955076]
 [-0.28078163 -1.62907142]
 [ 0.67612187 -1.65324272]]
[[-0.17343239 -0.77323536]
 [-0.60354445 -1.77891505]
 [ 0.23169674 -2.20140517]
 ...
 [ 0.71657529 -2.120887  ]
 [-0.44577461 -1.96031492]
 [ 0.85506285 -0.92781521]]
[[ 0.24297642  0.0026898 ]
 [ 0.88232974 -0.57760622]
 [ 0.27596422 -1.5157972 ]
 ...
 [ 0.92891496 -0.27845277]
 [-0.43568652 -1.93052332]
 [-0.94488881 -1.72125894]]
[[ 0.27594204  0.05550038]
 [-0.04605202 -2.89760599]
 [-0.14045735 -2.38317588]
 ...
 [-0.46096842 -2.56591372]
 [ 0.52853606 -1.26838088]
 [ 0.68973684 -2.74172475]]
[[-0.35442851 -1.58636806]
 [ 0.77421773 -4.21174006]
 [-0.66855229 -1.76830595]
 ...
 [-0.21043988 -2.68419543]
 [ 0.5889101  -1.85647082]
 [-0.43387684  1.60187832]]
[[ 0.51984908  3.19241532]
 [ 0.48403961 -1.07497183]
 [ 0.2681102   1.17118531]
 ...
 [ 0.97732616  0.80739008]
 [-1.03323847 -3.25685278]
 [ 0.64765423 -0.99185779]]
[[ 0.79865286 -1.41687144]
 [ 0.09945079 -0.85534011]
 [-0.88317594 -1.89294169]
 ...
 [-0.53439743 -2.94223484]
 [ 0.82570503  0.5019006 ]
 [ 0.89410413 -0.98338718]]
[[-2.99488213e-01  2.20341991e+00]
 [-1.01107290e+00 -2.48878609e+00]
 [ 5.42827311e-01  5.03394064e-02]
 ...
 [ 2.49206524e-01 -2.42087696e-01]
 [ 1.16923641e-04 -2.98448995e+00]
 [ 3.23518186e-01 -2.54705482e+00]]
[[ 0.64961173 -3.3434821 ]
 [ 0.29448791  1.21548489]
 [ 0.64027931  0.29049962]
 ...
 [ 0.9643165   1.07668678]
 [ 0.63348384 -2.04544301]
 [ 0.64819189 -2.80580296]]
[[-0.61119344 -1.64597622]
 [-0.08675542 -1.62871817]
 [-0.25835172 -1.84767021]
 ...
 [ 0.09937353 -0.69141178]
 [ 0.50560885 -1.04609109]
 [-0.86941632 -3.54051599]]
[[-0.6681117  -2.40123745]
 [-0.22640857  1.04604514]
 [-0.91094245 -3.41273199]
 ...
 [ 0.36012798 -0.74349546]
 [-0.37886952 -1.10809508]
 [-0.38711231 -2.57812779]]
[[ 0.31718046 -3.0476451 ]
 [ 0.24852972  0.67591148]
 [ 0.29544134  0.01654876]
 ...
 [-0.74128666 -1.77287745]
 [-0.47458476 -0.20761883]
 [ 0.61466304 -2.8374104 ]]
[[-0.49314677 -1.64235767]
 [-0.62815771 -1.61650309]
 [ 0.78789475 -0.89163166]
 ...
 [ 0.13402983 -3.85780399]
 [ 0.92216779  0.33689932]
 [-0.4489357  -2.36192039]]
[[-0.3244514   0.88572684]
 [-0.63015051 -1.33755599]
 [ 0.81719135 -0.89053985]
 ...
 [-0.1637173  -2.71530923]
 [ 0.97653937  0.95805182]
 [ 0.76268122 -0.01559094]]
[[ 0.96952863  1.52800359]
 [-0.25721171 -0.6993834 ]
 [-0.6013264  -2.91275508]
 ...
 [-0.43929794 -0.71000613]
 [ 0.84266807 -0.43648489]
 [ 0.41708824 -0.56713612]]
[[-0.36499063  0.15439719]
 [ 0.24518095  0.69246693]
 [-0.0905573  -1.86749746]
 ...
 [ 0.10757277 -2.13699168]
 [-0.49856422 -1.16320581]
 [-1.02097619 -2.82643123]]
[[ 0.14075204  0.55281858]
 [-0.06620043 -3.81478483]
 [-0.30157025 -1.72195299]
 ...
 [ 0.41337431  1.55241758]
 [-0.73328405 -2.68679061]
 [ 0.80851625  1.42261853]]
[[-0.84029866 -0.56194145]
 [-0.45876772 -1.82679994]
 [ 0.83379817 -1.52736341]
 ...
 [ 0.24522485  0.29415938]
 [-0.47880924 -1.25760804]
 [ 0.14753098 -1.30198287]]
[[-0.52826886 -1.98352672]
 [-0.6383076  -2.31449807]
 [-0.72046674 -1.39273399]
 ...
 [-0.76338166 -5.08333127]
 [-0.46456726 -1.46147139]
 [-0.14677714 -2.27997376]]
[[ 0.90990213  0.57010396]
 [ 0.97331318  0.1099536 ]
 [ 0.29116109  0.78442304]
 ...
 [-0.9054639  -2.76147896]
 [ 0.7724948  -1.80992058]
 [ 0.18975095 -1.00576927]]
[[-0.93732531 -1.83929426]
 [ 0.93286097  0.20313963]
 [-0.69888666 -1.64992801]
 ...
 [-1.00793055 -1.15517974]
 [ 0.50473255 -2.86470032]
 [ 0.64447798 -3.00811366]]
[[-0.15631321 -2.77943134]
 [-0.48682945 -1.91033678]
 [ 0.99946777  1.36213244]
 ...
 [-0.26833229 -2.08767118]
 [ 0.76168774 -1.00157718]
 [ 0.10335268  0.02783659]]
[[-0.69274817 -1.83075817]
 [ 0.96654729  2.57750291]
 [-0.21836177 -1.61060704]
 ...
 [ 0.79770034 -2.14211901]
 [-0.0371874  -3.35018594]
 [-0.3024748  -1.46329056]]
[[-0.49094522 -1.09649176]
 [ 0.68342782 -1.38806349]
 [ 0.13382187 -1.87503544]
 ...
 [-0.08389326 -3.16803349]
 [ 0.90201986 -0.71248765]
 [ 0.57551646 -2.35914196]]
[[ 1.00509342  0.11930123]
 [ 0.7859017  -1.34103158]
 [-0.92313249 -1.62165522]
 ...
 [ 0.68265788 -2.46131457]
 [-0.95621003 -3.0220356 ]
 [-0.93058071 -3.80407142]]
[[-0.6123186  -2.01603453]
 [-0.15851561 -3.14769326]
 [-0.71157284 -2.17952254]
 ...
 [ 0.78600408 -1.84208027]
 [ 0.30852291  0.74671683]
 [ 0.05546526 -1.06932505]]
[[ 0.25067261  0.32367531]
 [-0.2212313  -1.69472393]
 [ 0.23943789 -0.09484649]
 ...
 [ 0.11396799 -1.63807046]
 [ 0.25704496  0.12777903]
 [ 0.71221169 -0.36750779]]
[[ 0.92654354  0.21972664]
 [-0.47709892 -0.48623502]
 [ 0.2891552  -0.0885692 ]
 ...
 [-0.36626475 -2.11624401]
 [ 0.13414236  0.09093434]
 [-0.78884434 -2.61207474]]
[[-0.61401991 -2.01420067]
 [ 0.28030143  0.44470957]
 [-0.56228017 -1.88691779]
 ...
 [ 0.92066588  1.41807713]
 [ 0.97564024 -0.63804613]
 [ 0.1351248   0.61755198]]
[[-0.21637059 -1.1827777 ]
 [-0.54932463 -2.65639084]
 [ 0.71375767 -3.62339786]
 ...
 [-0.72830035 -2.73262562]
 [ 0.72460073 -1.78816499]
 [-1.10202995 -0.78173937]]
[[-0.51392799 -1.15939953]
 [-0.11129178 -1.06359565]
 [-0.76755784 -1.97182817]
 ...
 [-0.8875476  -1.83981364]
 [-0.07996983 -2.39827871]
 [-0.6395997  -1.46238548]]
[[-0.35215134 -0.71204896]
 [-0.53766256 -1.27170609]
 [ 0.72833688 -0.06198056]
 ...
 [ 0.66400233 -2.91115563]
 [ 0.91385651  2.67692972]
 [ 0.20124121  1.29124299]]
[[-0.25484094 -1.86434054]
 [-0.4845479  -1.07049772]
 [ 0.57824785 -1.5927016 ]
 ...
 [-0.32448661 -2.36840437]
 [-0.34837519 -5.2581026 ]
 [-0.07759449 -2.25935779]]
[[ 0.88861927  0.31842355]
 [ 0.23976959  0.70313143]
 [-0.19087943 -3.64672171]
 ...
 [ 0.20815386  1.10640437]
 [ 0.13004378 -0.12620711]
 [-0.98689677 -1.85196206]]
[[-0.15448401 -1.52780983]
 [-0.42425725 -1.2201416 ]
 [ 0.54674794 -2.49400947]
 ...
 [ 0.55963211 -2.52612556]
 [-0.06625313 -1.49120696]
 [-0.81476576 -1.92099305]]
[[-0.32016012 -1.24022169]
 [ 0.91732834  0.34926116]
 [ 0.60819617 -0.62383397]
 ...
 [ 0.53239037 -0.798064  ]
 [ 0.8472917   0.6779697 ]
 [-0.87452886 -1.67671632]]
[[ 0.60170338 -2.2518754 ]
 [-0.02677657 -1.89864775]
 [-0.18266129 -2.02971772]
 ...
 [ 0.28774955  0.26010739]
 [-0.44691879  1.13704451]
 [ 0.99327563  1.38640293]]
[[ 0.21894794  0.39949725]
 [ 0.04151591  0.20736294]
 [ 0.68611897 -3.80535895]
 ...
 [ 0.49452353 -1.28539955]
 [-1.00966833 -4.10034737]
 [-0.49271642 -0.75686745]]
[[ 0.38602246 -2.06591162]
 [-0.03865283 -2.08862495]
 [ 0.05106787 -0.88480931]
 ...
 [-0.09892278 -2.80056768]
 [ 0.45163215 -0.20744449]
 [ 0.23231384 -0.94713455]]
[[-0.36851034 -1.1849998 ]
 [-0.01264159 -1.29528085]
 [ 0.6319403  -2.04930071]
 ...
 [-0.0926062  -1.5783949 ]
 [-0.93319806 -3.86428051]
 [-0.98138042 -2.57186113]]
[[ 0.1290161   0.61813526]
 [ 0.58605485 -4.09351426]
 [-0.7873589  -1.92814922]
 ...
 [ 0.04024127 -3.05926984]
 [ 0.06017236 -0.64947508]
 [ 0.04911272 -0.41894377]]
[[ 0.16089135  0.86906084]
 [ 0.30301702  2.45280309]
 [ 0.20778054 -0.23935074]
 ...
 [-0.3698291  -1.36462839]
 [ 0.20909423  1.02927219]
 [ 0.50696215 -1.02632102]]
[[-0.41929396 -1.12985923]
 [-1.02391448 -1.963203  ]
 [-0.11627227 -2.54751682]
 ...
 [ 0.08207041 -2.08583958]
 [-0.57100972 -1.03617693]
 [-0.60281571 -2.16035042]]
[[ 0.25239511  1.25421714]
 [ 0.83989761  0.81198111]
 [-0.52529    -0.75374385]
 ...
 [ 0.66834448 -2.98126927]
 [-0.7919526  -2.85247528]
 [ 0.91025927 -0.97232923]]
[[ 0.31490551 -0.94350951]
 [-0.79538605 -1.78969953]
 [-0.33038148 -0.74413046]
 ...
 [-0.1182874  -2.26437888]
 [-0.26643271 -1.3029567 ]
 [-0.56820704 -1.74076688]]
[[-0.67574215 -2.68241719]
 [ 0.79753893 -2.8316116 ]
 [ 0.80039611 -0.43469761]
 ...
 [-0.53663942 -2.70199345]
 [ 1.01005789  0.61275884]
 [ 0.98519736  1.14451338]]
[[ 1.32680080e-01 -1.05513469e+00]
 [-1.08611448e-01 -1.85319574e+00]
 [-7.88990683e-01 -2.12951704e+00]
 ...
 [-2.07244996e-01 -2.92984076e-04]
 [-7.59426717e-01 -1.29702609e+00]
 [-2.51554174e-01 -2.71249250e+00]]
[[-0.92159689 -4.11495649]
 [ 0.16675728 -0.76410563]
 [ 0.10243347 -1.83121223]
 ...
 [ 0.6140924  -3.25629635]
 [ 0.14003653 -0.51694347]
 [ 0.17690838 -0.54015265]]
[[-0.61470099 -1.02037139]
 [ 0.12014923 -1.09363818]
 [-0.3627612  -0.814584  ]
 ...
 [ 0.48118449 -1.32363879]
 [-0.16093817 -0.7357723 ]
 [-0.23901034 -1.93383766]]
[[ 0.20229451 -1.72320985]
 [-0.42532461 -0.54403493]
 [ 0.98290766 -0.63478405]
 ...
 [-0.6743041  -2.88739481]
 [ 0.63583902 -3.61663596]
 [-0.59850111 -2.21836868]]
[[-0.18788701 -3.87034548]
 [ 0.23862304 -0.38977748]
 [-0.25731234 -1.86749276]
 ...
 [-0.73203887 -1.96792328]
 [ 0.02299471 -2.27614812]
 [-0.33983108 -1.51631287]]
[[ 0.47147842 -1.7604121 ]
 [-0.83286906 -2.03991472]
 [ 0.67258263 -1.51910601]
 ...
 [-0.98833515 -4.94375133]
 [ 0.54305146 -2.59640509]
 [-0.37301657 -0.15026327]]
