[[-12.165621    -6.88893192]
 [ -4.31971997 -16.17384442]
 [ -4.46432239  -5.75730206]
 ...
 [  1.8838124   -5.52085326]
 [ -2.14791781 -12.75476328]
 [ -0.78231472  -2.64504036]]
[[ 0.15010251  1.82734173]
 [ 0.31045226  0.26230141]
 [ 0.85277889 -0.48376235]
 ...
 [ 0.06031344 -4.50541853]
 [-0.43519344  0.25413912]
 [ 0.32370082  0.73130652]]
[[-0.90044907 -3.51167112]
 [ 0.86550291  0.14140754]
 [ 0.66227469 -2.83101424]
 ...
 [ 0.13734978 -0.22989472]
 [ 0.51623121  0.02104671]
 [ 0.72246957 -4.19631337]]
[[ 0.29442264 -1.36437911]
 [ 0.81577841 -1.27979229]
 [ 0.82099311 -0.48960616]
 ...
 [-0.81603019 -3.36690215]
 [ 0.18110055 -1.31379311]
 [-0.37464387 -2.78705156]]
[[ 0.41753079 -0.86531293]
 [ 0.66393443 -2.35001056]
 [-0.32459    -5.873675  ]
 ...
 [-0.87057102 -2.07950671]
 [ 0.04570513 -1.99760517]
 [-0.189916   -4.52777451]]
[[-0.26018158 -2.12666874]
 [ 0.69437447 -0.835042  ]
 [-0.54116592 -1.20489649]
 ...
 [ 0.29081168 -0.37390421]
 [ 0.23071132  0.378809  ]
 [ 0.18714816  0.47275163]]
[[-0.18537923 -2.74393438]
 [ 0.11174274 -0.30900888]
 [ 0.88184363 -0.17924017]
 ...
 [-0.09680239 -3.87159703]
 [ 0.02449059 -4.50357038]
 [ 0.90570577  1.0004999 ]]
[[ 0.22838436  0.29347162]
 [ 0.50769587  2.36809099]
 [ 0.83355998 -2.3250306 ]
 ...
 [ 0.15401915 -0.6324009 ]
 [-0.07535103 -0.68643834]
 [-0.43114816 -0.97593557]]
[[-0.26925871 -1.16810496]
 [-0.32593967 -2.00522411]
 [ 0.78262689 -2.39583683]
 ...
 [ 0.44734834  0.27915176]
 [ 0.86194836 -1.22754126]
 [ 0.29833911  1.03362469]]
[[ 0.26745832 -0.37526428]
 [-0.58486497 -0.88588635]
 [ 0.19473463 -1.31423404]
 ...
 [ 0.10819287 -1.57714879]
 [-0.07773874  0.14020486]
 [ 0.93454747 -0.71974378]]
[[ 0.17298232 -0.45925047]
 [ 0.48888272 -1.64200397]
 [ 0.54293601 -0.49060575]
 ...
 [ 0.43339354 -0.30806556]
 [-0.02422489 -1.57523659]
 [-0.02521674 -2.12707916]]
[[ 0.07867287 -0.83188498]
 [-0.72682238 -2.01862048]
 [ 0.9288621   0.79138731]
 ...
 [ 0.05603486 -0.71510478]
 [ 0.95891691 -0.68522961]
 [-0.6376869  -0.72262057]]
[[ 0.83202321 -1.18131312]
 [-0.572368   -2.02790368]
 [-0.54926136 -1.7010456 ]
 ...
 [ 0.39330395 -0.05394804]
 [-0.30631586 -1.05385936]
 [ 0.86807997 -0.89517714]]
[[ 0.4447579  -1.94643752]
 [-0.08876149 -2.88814623]
 [-0.89529689 -3.19259539]
 ...
 [-0.57334515 -1.94009046]
 [ 0.15916116 -0.01812507]
 [ 0.00714737 -1.93940189]]
[[ 0.27751309  0.6599459 ]
 [-0.65375548 -2.9768608 ]
 [-1.15755196 -3.42473987]
 ...
 [ 0.11600254 -0.75118064]
 [-0.08196421 -2.89172125]
 [-0.26771987 -2.31772599]]
[[-0.74930514 -5.31546069]
 [-0.85550497 -4.70049284]
 [ 0.78865133 -0.55159802]
 ...
 [ 0.84097919 -1.719328  ]
 [ 0.63845442 -1.51638752]
 [-0.50832722  0.86097925]]
[[ 0.72330303 -2.8013013 ]
 [-0.51537438 -1.65889814]
 [-0.91058919 -3.67716978]
 ...
 [-0.75503611 -1.81641778]
 [ 0.27208368  0.30957444]
 [-0.01812192 -0.80799957]]
[[-5.79890304e-01 -1.63793053e+00]
 [ 6.78023208e-01 -3.56639589e+00]
 [ 2.68067221e-03 -1.18596853e+00]
 ...
 [ 8.43569997e-01 -6.18446844e-01]
 [ 5.54257366e-01 -1.99535118e+00]
 [ 3.54160765e-01  9.15386974e-01]]
[[-0.84235178 -2.92127325]
 [ 0.44764971 -0.02607898]
 [-0.94126965 -4.07906893]
 ...
 [ 0.24897788  1.5371217 ]
 [-1.30033315 -3.07686969]
 [-0.82878777 -1.66697375]]
[[-1.00438776 -2.87880247]
 [-0.11821311 -1.33513809]
 [ 0.22704912  0.42929734]
 ...
 [ 0.42114576 -0.98502397]
 [-0.18188549 -2.43407392]
 [-0.37555823 -1.74341859]]
[[-0.00730107 -2.13424213]
 [ 0.54800169 -2.54865239]
 [-0.26575492 -0.74624505]
 ...
 [ 0.33443175 -0.51087197]
 [ 0.50899231 -1.43948132]
 [ 0.94597811  2.19082794]]
[[-0.57436134 -2.43421141]
 [ 0.21131663  0.64117485]
 [ 0.89530198 -0.4672942 ]
 ...
 [-1.12381537 -2.32358669]
 [-0.10057874 -3.18856424]
 [ 0.48699799 -1.24668669]]
