[[146.60607414  69.76548959 161.44363087 ...   0.           0.
    0.        ]
 [140.44362361  76.20444273 173.18145238 ...   1.           0.
    0.        ]
 [155.39934027  43.7660297  136.27758239 ...   1.           1.
    0.        ]
 ...
 [147.22293238  65.85131581 127.23729093 ...   0.           0.
    0.        ]
 [157.88642315  31.03218787 123.39610998 ...   0.           0.
    0.        ]
 [156.8644998   94.21125657 139.77533007 ...   1.           0.
    0.        ]]
[[125.47804871  42.83114756 144.37203095 ...   0.           1.
    0.        ]
 [166.15400923  84.09287403 169.68118654 ...   0.           1.
    0.        ]
 [146.79779898  61.48789042  99.99223653 ...   0.           0.
    1.        ]
 ...
 [143.55415836  60.73453115 138.49592059 ...   0.           0.
    0.        ]
 [159.78850543  70.34519385 128.72330737 ...   0.           0.
    1.        ]
 [151.59508802 120.1139912  159.97300679 ...   1.           1.
    0.        ]]
[[164.50319597  72.14528314 174.95333003 ...   1.           1.
    0.        ]
 [154.16280061  59.07500624 118.9610184  ...   1.           0.
    0.        ]
 [151.89566631  48.70273828 132.77846093 ...   0.           0.
    0.        ]
 ...
 [161.13521262  68.873144   127.379487   ...   0.           0.
    0.        ]
 [164.60753277  77.00672535 126.69211615 ...   0.           0.
    0.        ]
 [155.20564881  62.61575104 115.30551323 ...   0.           0.
    0.        ]]
[[160.41096509  49.23521055 155.89017789 ...   1.           0.
    0.        ]
 [159.30148239  63.26487395 155.27243308 ...   1.           0.
    0.        ]
 [150.24445051  60.49892471 166.48693106 ...   0.           0.
    0.        ]
 ...
 [160.36636879  61.89143991 171.76016427 ...   0.           1.
    0.        ]
 [172.27163984  67.2080972  102.25644134 ...   1.           0.
    0.        ]
 [161.3559637   54.54239295 129.9626556  ...   1.           0.
    0.        ]]
[[168.47203275  58.3612615  156.978009   ...   1.           0.
    0.        ]
 [169.83767481  74.6657081  135.18503463 ...   0.           0.
    0.        ]
 [156.75855638  74.48324156 142.35017892 ...   0.           0.
    0.        ]
 ...
 [153.16890839  71.53103745 226.35267087 ...   1.           1.
    0.        ]
 [169.46559222  70.27697554 156.85070165 ...   1.           0.
    0.        ]
 [152.79035531  42.97918221 157.13979287 ...   0.           0.
    0.        ]]
[[163.25600037  76.18728116 139.9756255  ...   1.           0.
    0.        ]
 [162.32614656  68.65353814 143.72092733 ...   0.           0.
    0.        ]
 [156.89754922  49.53538393 174.90638837 ...   0.           0.
    0.        ]
 ...
 [163.94383862  72.57931574 116.22596934 ...   1.           0.
    0.        ]
 [165.4453476   85.34181748 191.52483547 ...   0.           1.
    0.        ]
 [154.78083378  79.95879274 117.05819635 ...   1.           0.
    0.        ]]
[[152.3538276   51.16861353 137.2253527  ...   0.           0.
    0.        ]
 [155.91600824  55.88463972 146.1675847  ...   1.           0.
    0.        ]
 [147.82508091  47.89354538 217.45995087 ...   0.           1.
    0.        ]
 ...
 [179.20020287  87.32309965 142.8757076  ...   0.           1.
    0.        ]
 [149.84194798  56.03995952 139.11198354 ...   0.           0.
    0.        ]
 [170.13272896  71.68436831 123.33721781 ...   1.           0.
    0.        ]]
[[175.89140826  59.95603096  79.89754199 ...   1.           0.
    0.        ]
 [151.70793283  59.1234592  147.75362744 ...   1.           0.
    0.        ]
 [175.39487884 101.60036362 198.6540189  ...   0.           1.
    0.        ]
 ...
 [163.08178221  94.90190958 208.87747465 ...   0.           1.
    0.        ]
 [141.16563495  58.55225418 185.46931235 ...   0.           1.
    0.        ]
 [152.10765043  68.26997747 162.80423698 ...   0.           1.
    0.        ]]
[[188.96591269 100.96251464 121.15952902 ...   1.           1.
    0.        ]
 [143.69742814  42.57089237 163.50529417 ...   0.           1.
    0.        ]
 [170.41194144  64.07770686 133.14769906 ...   1.           0.
    0.        ]
 ...
 [155.81276939  72.09966381 172.85892556 ...   0.           1.
    0.        ]
 [167.02996134  56.38457174 112.70151037 ...   1.           0.
    0.        ]
 [165.69438265  55.94280634 140.07443465 ...   1.           0.
    0.        ]]
[[172.28782331  70.53225029 135.55378884 ...   1.           0.
    0.        ]
 [169.95206069  74.62161191 202.62951734 ...   1.           1.
    0.        ]
 [168.06461192  64.49099853 122.21810456 ...   1.           0.
    0.        ]
 ...
 [161.07764449  65.67713206 154.21498913 ...   0.           1.
    0.        ]
 [154.17115368  73.96219975 128.66014663 ...   0.           0.
    0.        ]
 [165.52133442  49.2979322  154.88537969 ...   1.           0.
    0.        ]]
[[166.53544282  66.62996458 177.56958461 ...   1.           1.
    0.        ]
 [152.49957982  64.16473635 132.81470683 ...   0.           1.
    0.        ]
 [159.15430941  56.42421344 203.55857289 ...   1.           1.
    0.        ]
 ...
 [139.5479726   47.38567277 117.28737047 ...   0.           0.
    0.        ]
 [152.03772062  50.75587924 143.79298558 ...   0.           0.
    0.        ]
 [151.10994395  61.6233     139.63013228 ...   0.           1.
    0.        ]]
[[154.60739163  71.77903521 168.28460049 ...   0.           1.
    0.        ]
 [157.78716027  82.15332958 173.69242659 ...   1.           1.
    0.        ]
 [158.30461371  67.02043412 159.02236709 ...   0.           0.
    0.        ]
 ...
 [147.25163834  44.77940812  98.42731551 ...   0.           0.
    0.        ]
 [154.92456508  66.54454807 159.94541955 ...   0.           0.
    0.        ]
 [145.92076678  54.5650368  157.05442883 ...   0.           0.
    0.        ]]
[[152.05234391  90.90167489 189.69044707 ...   0.           1.
    0.        ]
 [161.19415357  71.00316415 131.70948381 ...   1.           0.
    0.        ]
 [178.88106929  75.63805882 138.76963912 ...   1.           0.
    0.        ]
 ...
 [165.31767411  66.66462609 138.33614337 ...   1.           1.
    0.        ]
 [154.96449219  56.76651408 123.91402338 ...   1.           0.
    0.        ]
 [155.27236968  71.05575792 161.8942361  ...   0.           1.
    1.        ]]
[[170.92655096  53.42101935 111.75060925 ...   1.           0.
    0.        ]
 [144.7797007   58.51486588 207.81417456 ...   0.           1.
    0.        ]
 [172.59004452  74.97308806 184.1174173  ...   1.           0.
    0.        ]
 ...
 [174.62013116  92.56738869 135.52168042 ...   1.           1.
    0.        ]
 [163.92221959  66.74868621 148.91595987 ...   1.           0.
    0.        ]
 [156.82511356  66.20848667 129.77950021 ...   0.           0.
    0.        ]]
[[150.40272975  52.13042387 126.59007376 ...   0.           0.
    0.        ]
 [166.22336588  58.61056976 157.36211267 ...   1.           0.
    0.        ]
 [171.47070923  72.85878031 168.88081429 ...   1.           1.
    0.        ]
 ...
 [155.67325334  42.36963724 170.84836619 ...   1.           0.
    0.        ]
 [154.36374516  99.08126684 150.08946431 ...   0.           0.
    0.        ]
 [163.22347338  53.50799778 131.90892244 ...   1.           0.
    0.        ]]
[[156.28709759  59.14206442 153.96424991 ...   0.           1.
    0.        ]
 [173.27386213  75.4262414  145.53658759 ...   1.           0.
    1.        ]
 [139.47763497  70.35962624 177.38055261 ...   0.           1.
    0.        ]
 ...
 [160.28121388  57.13781748 108.68974359 ...   0.           0.
    0.        ]
 [152.08876463  80.72500415 165.85101085 ...   0.           1.
    1.        ]
 [174.94565746  77.89933171 131.38093343 ...   1.           1.
    0.        ]]
[[153.96628606  54.28187379 134.31796053 ...   0.           0.
    0.        ]
 [152.83821889  54.16014005 108.21583836 ...   1.           0.
    0.        ]
 [156.64294494  59.99997308 130.88641742 ...   0.           0.
    0.        ]
 ...
 [167.52390521  69.02472328 116.49386075 ...   1.           0.
    0.        ]
 [151.81030959  72.56021202 173.19041668 ...   1.           0.
    0.        ]
 [151.00900681  68.06358497 175.42906016 ...   0.           0.
    0.        ]]
[[151.69489535  61.84705409 109.3150714  ...   0.           0.
    0.        ]
 [152.0396274   57.9546131  143.73756018 ...   1.           0.
    0.        ]
 [151.52971179  56.1130901  119.96604519 ...   0.           0.
    0.        ]
 ...
 [163.30148886  60.89836334 136.36869635 ...   1.           0.
    0.        ]
 [165.52348711  61.15565123 158.46907968 ...   1.           0.
    0.        ]
 [152.54715284  60.10503446 131.20108322 ...   0.           0.
    1.        ]]
[[170.42305895  81.29411419 187.76296782 ...   1.           1.
    1.        ]
 [158.60800484  69.47237484 164.2943376  ...   1.           1.
    0.        ]
 [172.35200807  76.81349809 147.49159863 ...   1.           1.
    0.        ]
 ...
 [148.77352109  44.05793377 136.45754134 ...   0.           1.
    1.        ]
 [162.65037431  64.98952059 150.20775784 ...   1.           0.
    0.        ]
 [150.71604255  60.8965523  144.2098407  ...   0.           1.
    0.        ]]
[[160.13952861  57.13528713 168.44138104 ...   0.           0.
    0.        ]
 [181.9984897   91.53707834 157.74018525 ...   1.           1.
    1.        ]
 [164.35881702  70.77986075 170.66828064 ...   1.           0.
    0.        ]
 ...
 [156.69783662  68.45421498 150.69669691 ...   0.           1.
    1.        ]
 [157.47235009  59.5378619  139.50440396 ...   1.           1.
    0.        ]
 [144.87174587  48.75155447 164.44856066 ...   0.           1.
    1.        ]]
[[154.61885715  66.13438358 129.94663345 ...   0.           0.
    0.        ]
 [171.47193541  86.13527465 141.48248265 ...   1.           0.
    0.        ]
 [152.70104174  71.34911838 141.77879139 ...   0.           1.
    1.        ]
 ...
 [167.08954889  78.97766204 106.46834834 ...   0.           0.
    1.        ]
 [178.77328372  74.17915426 115.29247139 ...   1.           0.
    1.        ]
 [153.86420004  63.10366983 145.58753963 ...   0.           0.
    0.        ]]
[[167.17911399  80.70819221 131.82306651 ...   1.           0.
    0.        ]
 [157.15537876  55.21609141 136.62214573 ...   1.           0.
    0.        ]
 [160.85740596  82.68340729 152.24242989 ...   0.           1.
    1.        ]
 ...
 [171.15726941  78.30539646 130.08324332 ...   1.           0.
    0.        ]
 [176.48592886  75.74383818 148.85484314 ...   1.           1.
    0.        ]
 [173.89023174  65.10336213  94.63209882 ...   1.           0.
    0.        ]]
[[152.88795952  66.77263615 140.77222231 ...   0.           0.
    0.        ]
 [166.34839172  58.35938554 155.28766813 ...   1.           1.
    1.        ]
 [155.74295252  57.21797021 139.50592039 ...   0.           0.
    0.        ]
 ...
 [165.77740278  61.37575206 103.1345701  ...   1.           0.
    0.        ]
 [142.12246329  50.89865768 168.16435883 ...   0.           1.
    1.        ]
 [160.88840868  88.5648159  175.6738982  ...   1.           1.
    0.        ]]
[[144.94377031  59.20263021 183.49785926 ...   0.           1.
    1.        ]
 [164.72065188  71.49581046 145.58140931 ...   0.           1.
    0.        ]
 [143.71394406  60.51380308 170.08812624 ...   1.           1.
    1.        ]
 ...
 [160.87871637  69.38128754 152.82257885 ...   1.           1.
    0.        ]
 [154.40958265  58.21194838 164.22766281 ...   0.           1.
    0.        ]
 [159.82128175  69.22078308 162.91022919 ...   0.           1.
    0.        ]]
[[167.28725972  70.93267639 157.9288767  ...   1.           0.
    0.        ]
 [163.30158742  71.34138631 145.54333598 ...   1.           0.
    0.        ]
 [163.18161211  61.2630792  138.83509713 ...   0.           1.
    0.        ]
 ...
 [166.0112434   49.15804857 115.46989214 ...   1.           0.
    0.        ]
 [160.5696528   81.71120242 138.36358215 ...   0.           0.
    1.        ]
 [184.91490578  79.16348737 143.90296354 ...   1.           0.
    0.        ]]
[[150.47495073  79.36548104 160.66063787 ...   0.           0.
    0.        ]
 [171.08910674  79.32209664 133.84268795 ...   1.           1.
    1.        ]
 [158.33654027  62.93094765 161.8731108  ...   1.           0.
    0.        ]
 ...
 [144.10757086  49.91408734 129.37834133 ...   1.           0.
    0.        ]
 [163.53141284  69.65803472 169.40885406 ...   0.           1.
    0.        ]
 [166.24986748  60.05717107 121.24403459 ...   1.           0.
    1.        ]]
[[164.14577275  75.75442981 135.17312414 ...   1.           0.
    0.        ]
 [174.74283749  87.28345083 142.51911749 ...   1.           1.
    1.        ]
 [150.96878254  84.40256259 118.20450002 ...   0.           0.
    0.        ]
 ...
 [165.59357948  64.93081854 159.92652265 ...   1.           1.
    0.        ]
 [154.99211754  83.75965197 129.22010393 ...   0.           1.
    1.        ]
 [143.14015378  50.60332121 140.75980004 ...   0.           0.
    0.        ]]
[[146.0736665   47.13668585 154.19953073 ...   0.           0.
    1.        ]
 [163.0532865   78.2620022  193.56584605 ...   0.           1.
    0.        ]
 [161.62883397  62.21409695 149.77301572 ...   0.           0.
    0.        ]
 ...
 [169.23147353  59.71319889 121.48141939 ...   0.           1.
    1.        ]
 [177.23579355  73.98709725 154.37487472 ...   1.           0.
    0.        ]
 [148.39329349  56.24509659 158.92826524 ...   0.           1.
    1.        ]]
[[168.16637107  77.54017627 104.0251121  ...   0.           0.
    0.        ]
 [167.71085095  70.62559241 124.19286031 ...   0.           0.
    0.        ]
 [145.89901028  55.90705831 147.25591615 ...   0.           0.
    0.        ]
 ...
 [172.50747173  66.01008948 124.40042292 ...   1.           0.
    0.        ]
 [167.74718969  61.43974988 161.41388026 ...   1.           1.
    1.        ]
 [156.58720096  62.55421453 145.37096383 ...   0.           1.
    0.        ]]
[[157.27909361  37.65755783 129.95334267 ...   0.           0.
    0.        ]
 [157.0094521   65.41700125 125.65089329 ...   0.           0.
    0.        ]
 [166.42420946  73.97854587 111.75646899 ...   1.           0.
    0.        ]
 ...
 [181.18485533  90.07191838 147.04986658 ...   1.           0.
    0.        ]
 [177.45333403  73.31704074 138.90014728 ...   1.           0.
    0.        ]
 [158.45394345  44.76174179 113.8905966  ...   1.           0.
    0.        ]]
[[154.14266713  56.56390759 151.29815273 ...   0.           1.
    0.        ]
 [155.35554037  63.60123624 113.42416181 ...   0.           0.
    0.        ]
 [154.80880332  53.23880249 139.08567531 ...   0.           0.
    0.        ]
 ...
 [153.02593041  60.7433098  126.05949287 ...   0.           0.
    0.        ]
 [158.88534276  46.03387922 133.68762335 ...   0.           0.
    0.        ]
 [145.38163569  48.4221156   94.69574717 ...   0.           0.
    0.        ]]
[[151.18568068  56.34810267 139.7701838  ...   0.           1.
    0.        ]
 [159.0402324   66.3617253  159.331555   ...   0.           0.
    0.        ]
 [160.13404457  75.30754689 167.93029751 ...   0.           1.
    1.        ]
 ...
 [145.13007489  50.65860712 146.77406126 ...   0.           0.
    0.        ]
 [139.37447231  49.23756221 128.11482234 ...   0.           0.
    0.        ]
 [169.77793067  67.72616997 164.50693275 ...   1.           0.
    0.        ]]
[[160.70044253  52.97362608 116.04261252 ...   1.           0.
    0.        ]
 [165.10681415  62.56017284 137.32914996 ...   1.           0.
    0.        ]
 [167.825032    78.94336824 143.55503677 ...   1.           0.
    0.        ]
 ...
 [176.84383418  64.06865265 148.88740168 ...   1.           0.
    0.        ]
 [172.41104354  73.18550218 144.28254691 ...   1.           0.
    0.        ]
 [140.25030709  48.20879703 135.34752992 ...   0.           1.
    0.        ]]
[[159.05305725  52.76560762 123.42519199 ...   0.           0.
    0.        ]
 [157.61857102  66.11909652 122.40244923 ...   1.           0.
    0.        ]
 [176.57465801  57.21605675 124.22740048 ...   1.           0.
    0.        ]
 ...
 [159.35359488  66.98105104 145.06242246 ...   0.           1.
    1.        ]
 [149.00839787  47.00035844 171.80408561 ...   0.           0.
    0.        ]
 [153.16064236  57.09042843 112.49607223 ...   1.           0.
    1.        ]]
[[153.47999743  57.05615448 162.12108269 ...   0.           0.
    0.        ]
 [165.05599717  53.13971982 124.06907831 ...   1.           1.
    0.        ]
 [149.54851885  47.61436463 126.69690996 ...   0.           0.
    0.        ]
 ...
 [153.5908001   47.46711105 178.05449903 ...   0.           0.
    0.        ]
 [164.72917509  56.43691835  92.15389946 ...   1.           0.
    0.        ]
 [159.92520174  62.64919556 129.94529427 ...   0.           1.
    0.        ]]
[[163.1956203   91.4832991  164.159975   ...   1.           0.
    1.        ]
 [159.50411714  60.24657653  98.29005059 ...   0.           1.
    0.        ]
 [152.54604463  78.74209446 113.28368508 ...   0.           1.
    0.        ]
 ...
 [167.07881972  56.49677945 163.46128649 ...   1.           1.
    0.        ]
 [158.70305807  61.23923225 132.62304371 ...   1.           1.
    1.        ]
 [148.20727945  56.55969341 134.69719835 ...   0.           1.
    1.        ]]
[[153.90124144  61.26637551  97.05782827 ...   0.           0.
    0.        ]
 [155.20261077  64.82709127 156.44176324 ...   1.           1.
    0.        ]
 [149.31085947  53.78202054 186.9255268  ...   0.           1.
    0.        ]
 ...
 [161.08948943  60.36122598 195.21181572 ...   1.           0.
    0.        ]
 [155.56870017  50.48286836 147.63845262 ...   0.           0.
    0.        ]
 [159.75327211  62.63311417 132.33301596 ...   1.           1.
    0.        ]]
[[156.34002692  53.70745102 159.62670333 ...   1.           0.
    0.        ]
 [180.73457741  93.44485417 139.66634099 ...   1.           1.
    0.        ]
 [164.96781427  61.28043611 163.75843608 ...   0.           0.
    0.        ]
 ...
 [161.0279408   74.42250582 182.24832906 ...   0.           1.
    0.        ]
 [152.50768334  47.87597907 177.34283342 ...   0.           1.
    0.        ]
 [162.49276259  63.61094238 128.87909769 ...   0.           1.
    0.        ]]
[[158.06116294  67.61844821 168.72766856 ...   0.           1.
    0.        ]
 [135.58697436  50.99893002 143.9949731  ...   0.           0.
    1.        ]
 [163.16513986  75.6078861  151.29661375 ...   1.           0.
    0.        ]
 ...
 [153.43263169  56.02477293  94.07847821 ...   0.           0.
    0.        ]
 [157.13146931  68.25028767 126.79972349 ...   1.           0.
    0.        ]
 [164.81898254  66.0471255  148.77606238 ...   0.           1.
    0.        ]]
[[171.49875736  79.16345706 112.39863793 ...   1.           0.
    0.        ]
 [160.23194144  63.27326808 191.76322003 ...   1.           0.
    0.        ]
 [160.08115985  43.48332897 122.20023484 ...   1.           0.
    0.        ]
 ...
 [174.26527242  78.0971895  166.42506641 ...   1.           1.
    0.        ]
 [170.19096229  67.14052106 139.73293778 ...   1.           0.
    0.        ]
 [169.06372059  85.80042833 134.15962076 ...   0.           0.
    0.        ]]
[[168.63796713  59.73463164 143.0920873  ...   1.           0.
    0.        ]
 [152.44787201  45.57722292 142.99476908 ...   0.           1.
    0.        ]
 [165.84662223  53.06243189 175.30749422 ...   1.           0.
    1.        ]
 ...
 [154.92046546  53.62902372 140.44852189 ...   0.           0.
    0.        ]
 [159.05419596  71.42367126 165.78774365 ...   0.           0.
    0.        ]
 [163.39907927  63.33907846 117.90985318 ...   1.           0.
    0.        ]]
[[164.03069085  57.23663902 134.67072462 ...   1.           0.
    0.        ]
 [162.18611338  73.76939208 122.69458416 ...   1.           0.
    0.        ]
 [158.01124346  58.78202122 142.38887524 ...   0.           1.
    0.        ]
 ...
 [160.69377743  73.42233979 134.10385329 ...   0.           1.
    0.        ]
 [166.03109443  66.44245517 151.01462008 ...   0.           0.
    0.        ]
 [140.77746089  57.22880125 168.03458137 ...   0.           0.
    0.        ]]
[[166.14803005  60.16811457 164.46664557 ...   1.           0.
    1.        ]
 [177.58356055  78.15554329 121.46078036 ...   1.           0.
    0.        ]
 [145.28421925  37.8690489  146.01565145 ...   0.           0.
    1.        ]
 ...
 [178.9455755   91.51008781 126.34956584 ...   1.           1.
    0.        ]
 [172.71243589  71.25735284  96.75611016 ...   1.           0.
    0.        ]
 [149.52677522  56.30674719 123.81745915 ...   0.           0.
    0.        ]]
[[179.0505298   67.77007271 145.92360326 ...   1.           0.
    1.        ]
 [156.54491766  65.61455735 172.74600493 ...   1.           0.
    0.        ]
 [159.67156641  64.48741023 130.55529136 ...   0.           0.
    0.        ]
 ...
 [157.77029063  49.54810819 117.26374197 ...   0.           0.
    0.        ]
 [150.52881482  47.45700871 171.28834187 ...   0.           0.
    1.        ]
 [149.157556    57.87271434 122.86992128 ...   0.           0.
    0.        ]]
[[165.24348208  71.59670734 125.80518922 ...   0.           1.
    0.        ]
 [144.69866875  60.14238758 122.12408781 ...   0.           0.
    0.        ]
 [155.09260894  56.6634444  119.21751927 ...   1.           0.
    0.        ]
 ...
 [153.27013286  62.34268009 123.68931909 ...   0.           1.
    1.        ]
 [174.72202661  67.31236201 139.86416152 ...   1.           0.
    0.        ]
 [151.1152023   50.72039408 113.5007735  ...   0.           1.
    1.        ]]
